   5,   8,  19,  83,  33,  31,   0, -14,1478626603.375
   2, -30,  -7,  77,   0,  -5,  14,  -6,1478626603.375
  -1, -58, -19,  79, -13,   1,  62, -12,1478626603.375
   2, -47, -28,  60, -31, -28,  41,  -3,1478626603.375
  -6, -38, -44,  47, -22, -23,  31,  -3,1478626603.376
  -3,  -8, -37,  57, -12,   1,   0,  -4,1478626603.376
  -9,   2, -42,  62, -11, -15, -28,  -3,1478626603.380
 -10,  -1, -40,  61,   2,  61, -20,   3,1478626603.380
   4,  -4, -33,  86,  -7,  16, -12,  19,1478626603.387
  12,  19, -11,  96,   8,  63,  10,  12,1478626603.387
  23,  -6,  -9, -78,  63, -13,  11, -53,1478626603.394
  35,  -2, -31, -98,  63, -95,  47,-110,1478626603.394
  16, -24, -34,-128,   5,  36, -42,-109,1478626603.409
 -20,  -8, -39,-128, -57, -98, -41, -26,1478626603.409
 -31, -13, -20, -70, -74,   2, -15,  34,1478626603.426
 -30,   4,   4, -21, -52, -50,  -8,  50,1478626603.426
 -20,  -3,  14,  17, -38,  14,  18,  42,1478626603.427
  -7,  -2,   1,  29,  -8,   0,  15,  25,1478626603.427
  -7,  18,   5,  40,  -3, -35, -17,  30,1478626603.440
  -6,   4,   6,  32,  -3,  81, -10,  17,1478626603.441
  -2,   6,   5,  16, -14,  -5,   1,  17,1478626603.447
   1,   1,   4,  -8,   5, -20,   1,   3,1478626603.447
   6,   3,  -2,   8,   5,   2,   2,   2,1478626603.455
   1,  -5,  -3,  25,  -3, -78, -14,   0,1478626603.455
   4,   1,  -1,  14,  -9,  30,  -4,   8,1478626603.469
   0,   1,  -1, -10,   7,  35,  -7,  -8,1478626603.469
   1,   4,  -4,   8,   7,  37, -13,  -2,1478626603.477
  -6,  -2,  -7,  17,  -3,  60, -14,   4,1478626603.477
  -5,  -2,   1,   2,  -6,  16,  11,  -4,1478626603.484
  -1, -11,  -1,   1,  14,   9,   4, -13,1478626603.484
   4,   0,  -3,   7,  -7,  25,   3,   3,1478626603.500
  -3,   8,   5,   9,   1,  -2,  12,  -5,1478626603.500
   0,  13,  -6,  -7,  10, -75,   5, -12,1478626603.507
   6,   3,   2,  -1,  12, -49,  20,  18,1478626603.507
 -15,  -2,  -7,  14,  16, -56,  20, -45,1478626603.531
  12,  16,   3,  13,  15,  -7,   9,  21,1478626603.531
  47,  47,   8,   1,   3, -47,  48, -44,1478626603.532
 105, -93,   5,   5,   9, -17, -34,  33,1478626603.532
 127,  -4,  25,  18,  12, -13, -95,  66,1478626603.540
 -42, -28,  22, -23,   6,  35, -31,  42,1478626603.540
-109,  19, -88,  47,  16,  63, -10, -42,1478626603.544
-123,  65,-117, -31,  36,  97,  18,-121,1478626603.544
 -14, -14,-126,  38,  94,  60,  77, 108,1478626603.561
  44,  62,-109, -45, -98,  55, -23,  22,1478626603.561
 -85,  36,-105, -43,-101, -91,   8, 127,1478626603.567
  67,  46, -53, -10,-128, -38,  12, 115,1478626603.567
 -74,  -3,  89,   0,  68, -17,  -1,-122,1478626603.583
  70,  63, 120,  16,  95, -90,  -7,  78,1478626603.583
  73, -65, 127, -29,  75,  87, 101, -16,1478626603.589
 -62, -78, -91, -34, -94,  66,  95,  27,1478626603.589
  25, 101, 101,  -8, -26,  34, -77, 124,1478626603.598
 -25,-121, -27, -36, -94,   6, -56, -87,1478626603.598
 -50,  87,  -2, -36, -88,  29,-128, -98,1478626603.604
  44,  93,  84, -94, -52, -48, -53,  56,1478626603.604
  54,-104,  60, -15, -96, -36, -87,-128,1478626603.621
  28,  -4,   0,  42, 123,  85, -26, -70,1478626603.621
 113, -98,  56,  39,  71,-128,-128, -53,1478626603.627
  48, -84,  71,  63,  33, -55, -53,-125,1478626603.627
 -41, -76, -20, -86,  23,  21, -41, 111,1478626603.643
 -86, -80, -29, -85,-128,  68,  79, 103,1478626603.643
  55,-128,-128,  -4,  72, -19, 125,  44,1478626603.649
   0, -12,  29, 119, 127,  21,  48,  36,1478626603.649
  31,  61,  12, 127,  41,-117, 127,   7,1478626603.658
  42,   6,  66,  79, -64, -68,  67,  -5,1478626603.658
  43,  21,  52,  -5,-104, 127,  43,  33,1478626603.664
  43,  27,   9, -29, -36,  73, -37,   6,1478626603.664
  16,  -7, -45, -97,  24, 125, -31,   3,1478626603.681
 -58,  55, -44, -65,  40, -10, -56,   0,1478626603.681
 -67,  69, -16, -60, -85,  68, -43,  45,1478626603.687
  -1,  17, -14,  65, -68,-111, -56, -28,1478626603.687
 -42,  11, -42,  10,  45, -41,  -6, -13,1478626603.703
 -33,  43, -11,  57, 127, -44, -26,  17,1478626603.704
 -31,  48,   7, -40, 127, -64, -33,  17,1478626603.709
 -83,  33,   7, -39,  56,  79, -31,  41,1478626603.709
 -69,  64, -38,  22,  38,  27,  34, -27,1478626603.720
   2,  43, -11,  64,  30, -70, 105, -19,1478626603.720
   5,  24,  22,  31, -28, -28, 109,  -5,1478626603.724
  23,  -2,   1,  -9, -30, -95,  16,  -4,1478626603.724
  68, -47, -13,  19,-128, -23, -85, -21,1478626603.741
  43, -63, -17,  -6, -49, 115,-128, -17,1478626603.741
 -14, -46,   1,  20, -18, 127,-128,   5,1478626603.747
 -41,  -5,   1, -14, -13,  84, -25, -17,1478626603.747
  -7,   2,   3,   0, -32,  32,  13, -12,1478626603.763
   8, -19,   2, -26,   6,  46,   7, -16,1478626603.763
   1,  13, -14,   3,  33,-128,  25,  14,1478626603.770
  -4,  14,  -5, -19,  40, -56,  19, -11,1478626603.770
 -22,  12, -23, -59,  54,-128,  11,  17,1478626603.778
 -17,  14, -15,   1,  40,  24,  20, -16,1478626603.778
  -2,   4,   1,  -7,   9,  68,  18, -11,1478626603.792
  14, -15,  17,  41,  24, 105,   4,  -7,1478626603.792
  -5,  -7,  -8, -92, -63, 127,  19, -20,1478626603.801
  32,  -6,  -1,  96, -83,  57,   2,   1,1478626603.801
  22,  -3,  15,  53, -42,  49,  -8,   3,1478626603.807
   7,  -7,  -3, -43, -47, 127, -11,  -8,1478626603.807
  11,   8, -12, -31,  17,  83,  22,  -3,1478626603.824
  -4,  10,   3, -93,  19, -44, -15,  -7,1478626603.824
  -5,  -5,   0, -17,  24,-116,  -8,  -3,1478626603.829
 -22,   7,  -5,  -8,  25,-106,   5,  12,1478626603.830
 -19,  10,   1, -22,  26,-128,   6, -16,1478626603.840
 -10,   0,  -6,  20, -21, -71,  -7,   6,1478626603.840
 -11,   1,  -4,  10,  11, -29,  -7,  -6,1478626603.852
  -5,   4,  10, -11,  23, -17,   0,  11,1478626603.852
  10,  -4,   4, -70,  12,   4,  -4, -18,1478626603.861
  -4,  -1,  -9,  21, -72,  -1,   4,  13,1478626603.861
  -1,  -1,   4, -36,   6,  42,   6,  14,1478626603.867
   7,   1, -15, -22, -44,  -2,  -6, -31,1478626603.867
   7,  -3,  18,  84,  27,  16,  -1,  39,1478626603.883
   0,  -4,  -2,-100,  39,  -8,  -2,  -9,1478626603.883
  -4,  -7,  -9, 127,  29, -24,   2,   0,1478626603.889
 -16,   3,  -3,-101,  72,   1,   9,  -6,1478626603.890
  -2,  -2,   3,  73,  52,  23,  -9,  -6,1478626603.898
 -26,  20,   3,  32,  67,  -8,   0,  17,1478626603.898
  14, -13,  -3, -45, -90,   0,  -1,  40,1478626603.912
  -1,   3,   5, -38, -70,   6,  21, -45,1478626603.912
 -30, -28,  -5,   8,   2,  10,   3,  -6,1478626603.921
 -18,   0,  -1, -54, -38, -14,  18, -19,1478626603.921
  70,   9,  -2,  29,  36, -12, -10,  17,1478626603.927
 -26,   2,   5,  68,  75, -92, -11,   9,1478626603.927
  28,  -2,  -3,  -1,  33,  -2,   5,  12,1478626603.943
  -1,  -6,   8,   8,  67,  22,  -2, -15,1478626603.943
 -11,   1,   3, -28,  20,  68,   5, -10,1478626603.958
   9, -16,   7, -19,  22,  44, -17,  -7,1478626603.958
 -10,   1, -12, -28, -48,  32,  -2, -18,1478626603.960
  14,   9,  -6, 123, -38,  32, -10,  12,1478626603.960
 -54,   6,  13, -46,  22,  20,   1, -18,1478626603.981
 -23,  -3,  -1, 127, -15, -16,  -3,  18,1478626603.981
 -88,  -3,  -7,  19, -99, -40,  -4,  45,1478626603.982
  61, -28,  -1, -43,  55, -45,  -5, -58,1478626603.982
 -20, -17,   0,  53,  73, -36,  -4, -23,1478626603.987
  33,   9,   4,  35,  -7,   0,   4,   7,1478626603.987
  14,  13,   6,   5, -26, -23,  24,  -9,1478626604.003
  15,   8,  17,   9, -66,   8, -14,  81,1478626604.003
  42,   0,  -3,  34, -39,  -9, -15, -14,1478626604.009
   9,  -8,   8,  14,  63,  -2,   2,  -3,1478626604.009
  14,  11,  -2,  19,  -4,   1,   1, -21,1478626604.018
   0,  13,   6,  -6,  95, -10,  -6, -28,1478626604.018
  -6,  10,  -3, -65,  20, -26,   3,  -3,1478626604.032
  -4, -11, -15, -37, -71,  27, -12,  16,1478626604.032
   1,  -2,  -6, -15, -16,   0, -14, -27,1478626604.041
 -16,  -9,  -7, -72, -25, -69,   1,  -3,1478626604.041
 -18,  -3,  -1, -20,-102,   7,  -4,   7,1478626604.047
   4,  -2,  -2, -22,  10,  14,   2, -18,1478626604.047
   3,   8,  -6,   7,   9, -27,  -3,  13,1478626604.063
 -19,  -7,   8,  20,  33,  63,   4,  -2,1478626604.063
   1,  -1,  -1, -72, -21,  41,  -2,  -6,1478626604.069
 -12,  -2,  -8,  58, -18,  84,   2,  28,1478626604.069
  10,  -2,   2, -49,   1, 123,   1,  -1,1478626604.078
 -10,  -3, -13, -29, -39,  45,   1,  -2,1478626604.078
 -11,  -8,  -2,  54,  -2,  27,   0,  -2,1478626604.092
   9,  -4,   4, -20,  37,   8,   1,  -9,1478626604.092
 -10,  -5,  -4,  22,  19,  -2,  -2,   1,1478626604.101
   2,  -1,  -6,  12, -19,  47,  -2, -36,1478626604.101
   5,   4,  -1,  -1,  26, -63,   2,  -2,1478626604.107
   2,  -6,  -1, -48,  22, -85,  -6, -11,1478626604.107
  12,   4, -14,  42, -30, -56,  -4,  -2,1478626604.123
   3,  -4,   0, -92,  32, -56,   2, -21,1478626604.123
 -22,  -3, -15, -38, -24, -28,  -5,   8,1478626604.129
  17,   2,   6,  37,   7, -25,   8,   5,1478626604.129
   1,  -2,  -4,   4, -41, -23,  -2, -12,1478626604.138
  -2,   5,   3,  33,   0,  -7,  -1,  -4,1478626604.138
   4,   7,   3, -15,  41,  15,   1,  20,1478626604.152
 -12,  -3,  -8, -58, -20,  -4,  -8,  -8,1478626604.152
   3,   3,  -5,  -6,  21,  -6,  -8,  -2,1478626604.161
 -11,   4,   3,  34, -13, -18,  -3,   3,1478626604.161
   3,  -4,  -1,   3, -17, -10,  -3, -11,1478626604.167
   6,   0,   6,  50,   6,  20,   2,  -2,1478626604.167
   5,   5,   6,  50,  17,  10,   2,  -6,1478626604.182
  -8, -12,  -4, -17, -25,  23,  -6,  19,1478626604.182
  -3,  -6,  -4, -85,  29,  17, -10, -15,1478626604.189
  -3,   1,   1, -19,  10,  26,   1,  -1,1478626604.189
  -6,  -5,   0, -37, -27,   0,   3,  -1,1478626604.198
  -3,  -4,  -9,  32, -13,   2,  -2,   2,1478626604.198
   8,   1,   3,   9,  14,  10,   3,  11,1478626604.212
  -6,  -3,   0, -29,  -2,   4,  -3,  -9,1478626604.212
  -7,  -8,  -3, -38, -19, -26,  14,  16,1478626604.221
   2,   2,  -3,  27, -18,  -2,   0,   7,1478626604.221
   8,   4,   0,  44, -14, -11,   0,  -2,1478626604.226
  -5,  -1,  -4, -20, -15, -26,  -1,  10,1478626604.226
  -6,  -7,   3,  -7,  15,   8,  -4, -10,1478626604.242
  -5,  -3,  -8,   5,   2, -10,   1,  -4,1478626604.242
   5,   5,   1,   7,   3, -10,   6,  -2,1478626604.258
   7,   6,   3,  31,  -2,  23,   1,   2,1478626604.258
  15,   9,  -1, -14,  -8,  45,   2,  11,1478626604.259
   2,  -5,  -3,   2,   7,  36,  -7,  -3,1478626604.259
 -16,   1,   3,   6,  -3,  25,   0,  -9,1478626604.271
  20,  -4,   0, -11,  -3, -13,   2,  22,1478626604.271
 -23,   6,  -8,  -8,  11, -30, -10, -44,1478626604.281
  39,  -2,  -2, -15,   7, -35,   4,  31,1478626604.281
 -36, -11,   0,  12, -13, -29,   5, -23,1478626604.287
  28,  43,   8,  -6,   0, -45,  10,  49,1478626604.287
  41,  14,  -6, 115,   7, -80, -19, -34,1478626604.302
-101, -38,  -3,-112, -43,-107,  -7, -53,1478626604.302
  15,  -2,  19, -14,  13,-105,  -4,   5,1478626604.309
  28, -25,   0,  45, -48,-124,   6,  -8,1478626604.310
 106,   9,  15, -77, -80,  87,   9,  22,1478626604.318
 -10, -30,  -6, 127,   2,  65,   7, -62,1478626604.318
  46, -32,   2, -41, -40, 111,  -2,  25,1478626604.332
  71,  38,  44,   4, -12, 127,   1, -13,1478626604.332
  85,   0, -18, -63,   1, 110,  10,  26,1478626604.348
  17,  14, -11,  39,  29,  45, -12,  49,1478626604.348
-107,  22, -26, -58,  44,  -5,   9, -14,1478626604.348
-109,   6, -55, -77,  54,-118,   7,  41,1478626604.348
 -72,  13, -68, -80,  25,-128,   2,  13,1478626604.363
 -54,  43, -23, -58,  -5,-128, -46,  14,1478626604.363
 -90,  29, -28, -14, 127, -69, -30, -18,1478626604.369
  52,   9,  -7,   2,  39, -71, -40,  11,1478626604.369
 -76, -12,  12,  23, -49,-128,  -5,  -8,1478626604.384
 -28,  -2,  51,  27,-102,  99, -15, -26,1478626604.384
 117, -61,  37,  71, -86,  81, -10,  -9,1478626604.392
   7,  10,  47,  47, -34, -15, -12, -61,1478626604.392
  94, -71,  35,  48,  61, -93,   9,  -7,1478626604.408
 104,   4,  15,  20,  52,-128,  81,  17,1478626604.408
 -46, -30,  10,  35, -19,-128,  24, -10,1478626604.408
 -98,-127,  25,  23, -70,  78,  39, -37,1478626604.408
   2, -26,  21, 127, 109, 119, 102,  23,1478626604.423
  53,  35, -13,  96, 116,  11,  48,  17,1478626604.423
  55,  83, -46, -56, -90, -69, -77,  26,1478626604.429
 -42,  64, -58,-121, -69,   3, -97,  19,1478626604.430
 -61,   8,  -1,-128,-128,-104,-128, -17,1478626604.444
   9, -18,  10,-128, -67,  20, -66, -17,1478626604.444
  17, -61,   7,  15,  19,  71,   6,  -9,1478626604.452
   8,  11, -12, -55,  87,   8,  12,  -9,1478626604.452
 -64,  18, -10, -40,  72,  32,  30,   8,1478626604.467
-100,  30, -33, -26,  28, -51,  38,  14,1478626604.467
  27,  17, -15, -21, -68,-112,  49,  24,1478626604.468
 -91, -16, -16,   8,  35, -99,  25, -13,1478626604.468
 -54,  12,   4,  36,  77, -32,  16,  -7,1478626604.482
 -17,   2,   0, -17,  59, -57, -20,   8,1478626604.482
  -6,  15,  19,  21, -31,  26,  11, -17,1478626604.489
  45,  -4,  24,  52, -49,  89,  15, -31,1478626604.489
  44, -15,  25,  22, -73,  94,  -3,  -8,1478626604.504
  52, -48,   7,   9, -40, 109, -13,  -5,1478626604.504
  37, -34,   7,  11,  30, 109,  10,   5,1478626604.512
  36,  -9, -10,   8,  36,  42,  22,  11,1478626604.512
   1,  12, -12,   6,  11,  -6,  -5,  13,1478626604.536
  -5,   0,  -3, -14,  -7, -28,  -4,  -7,1478626604.536
  -2,  18,  -7,  -4,  33, -40,   4,   2,1478626604.536
   2,   8, -11,  -9,   2, -59,  -1,   7,1478626604.536
 -14,  11, -13,  -3, -16, -29,  -6,   0,1478626604.542
   6,  -8,  18,  -2,  -4, -13,  -2,  -1,1478626604.542
 -22,   9,  -5,  10,  27, -21,   1,   2,1478626604.549
 -11, -10,  -7,  29,  19, -24,  -9,  -4,1478626604.549
 -14,  -5,  -5,  -7, -21,  17,  -7,  -5,1478626604.564
   7,   5,  -1, -24, -12,  26,   2,   0,1478626604.564
   3,  -1,   2,  26,  12,  18,  -2,   1,1478626604.572
   2,   9,   2,  23, -23,  15,   3,  -8,1478626604.572
   6,  25,   9,   4, -12,  39,  -2,  -2,1478626604.587
   8,  18,   2,  -8, -15,   7,   2,  -5,1478626604.587
  16,  10,   0,  31,  16,   3,  -2,   5,1478626604.588
   3,  -9,  -7,  11,  -1,  -9,  -3,   6,1478626604.588
   2, -11,   0,  11,   5, -25,   0,   1,1478626604.610
   8,   3,  -8,  28,   7,  -3,  -8,   2,1478626604.610
  -4,   0,  -3,  -2,   3,   8,  -1,  -2,1478626604.611
  14, -17,   8,  -5,  -9,  16,   3,   6,1478626604.611
  -3, -46,   0,  -7,  -9,   3,  -2,  -4,1478626604.624
  11, -25,   0, -17, -10, -13,  -6,   3,1478626604.624
  -5,   8,  -3,  -8,   7, -24,  -1,  -5,1478626604.632
   1,  13,  -7, -17,  17, -23,   2,   2,1478626604.632
  -9,  26,  -1, -15,   8, -33,   2,   3,1478626604.647
 -15,  -1, -11,   1,   5, -21,  -1,  -1,1478626604.647
  -7,  -1,  -2,  -7,  19, -11,   1,  -4,1478626604.648
  -2,  14,   0,   2,  -9,   8,   0,   0,1478626604.648
  -2,   6,   6,  21,  -8,  46,   2,  -1,1478626604.662
   8,  -4,  12,  25, -69,  62,   7,  -1,1478626604.662
  11,  -6,   3, -13,  11,   5,   0,  -6,1478626604.669
  19,   2,   0,  -3,  32, -66,   1,   1,1478626604.669
  -6,  14,  -6, -20, -17, -65,   3,   7,1478626604.684
 -26,   6, -13,   3,  -4, -67,  -9, -24,1478626604.684
 -10,  12,  -6,  -8,  29, -75,  -2,  10,1478626604.700
  -9,  -8,  -3, -21,   4, -13,  -8, -27,1478626604.700
  -4,  -5,   2,  -1,  68,   3,  -2,  12,1478626604.707
  -2,   6,  -8, -30,  -2,   6,   3,  12,1478626604.708
 -38, -13,  -8,   7, -37,  43,  -3, -77,1478626604.708
   8,  -5,   2, -10,  -9,  83, -17,  12,1478626604.708
   6,   7,   7,  46, -41,  55, -23,  -4,1478626604.722
  17,  -3,  10,  28,  60,  35,  29, -22,1478626604.722
   7,  -6,  -4, -26, -97, -24, -25, 116,1478626604.729
 -14,  -6,   8, -62,  44,  28,   4, -97,1478626604.729
  27,   3,   0,  78, -34, 103,  -3,  93,1478626604.744
   6,   4,   0,  21,  68,  80, -23,-103,1478626604.744
  -1,  -9,  -3,  34,  26, 105,   4,  52,1478626604.752
   4,  -9,   8, -21, -20, 123,  25,  -2,1478626604.752
 -11, -14,  -7, -15,  23,  31,   4,  28,1478626604.766
  18,   3,   2, -38, -30,-105,  -2,  12,1478626604.767
  12,  19,  11, -56,  56,-102,   9, -56,1478626604.775
  12,   8,   3,  98,-119,-126, -10,   1,1478626604.775
  -5,   8,   1, 113, -84,-128,  -3,  -4,1478626604.790
 -15,   5, -11,  58,-111, -41, -14,  18,1478626604.790
  -7,  -8,  -2, -35,  52,  82,  31,  20,1478626604.790
 -23,  -4,  -9, -62,  94,  21,   7,  21,1478626604.791
 -44, -12, -11,-128, -25,  59,   3,   2,1478626604.805
 -18,   4,  -1,  81, -97, 110, -19,  32,1478626604.805
 -15,  -6,   5,   2, -34, 127, -21, -26,1478626604.812
  -1,  -8, -15,  29, 105, 127, -14,  14,1478626604.812
   3,  -1, -12, -79, -18,  85,  -8, -15,1478626604.827
  23, -22,  17, -57,  59, -56,   5,  -4,1478626604.827
  12,  -5,  -1,  67, -43, -68,  11, -53,1478626604.835
  29,  -8,  12,  70,  44,-128,  23,  35,1478626604.835
   4,  -4,   3,  -5,  99,-128,  14, -42,1478626604.850
  -8,   1,  -2,  -7,  46, -83,  -3,   3,1478626604.850
   1,   3,  -3, -14,  50, -77,   7,  34,1478626604.851
 -14, -20,  -8, -32,  31, -99,  -5,  -9,1478626604.851
  -4,   6,   4, -10, -75,  10,  -2,  -6,1478626604.873
   5,   4,   4, -60,  38,  94,  -7, -13,1478626604.873
   5,  11, -14,  16, -12,  57, -20,   7,1478626604.873
   0,  25,  -3,  55, -13, 127, -17,  -9,1478626604.874
  -6,   7,  -1,  -2,  20, 106,   6, -27,1478626604.887
   4, -11,  -5, -41,   1,  39,   5,  36,1478626604.887
  -3,  -5,   2, -20,  30, -10, -11, -27,1478626604.895
  -5, -11, -12, -78, -77, -67,  -4,  14,1478626604.895
   2,  -1,  -6, -40,  14, -81,   0, -32,1478626604.910
   1,  -5,  -1,  28,  -7, -25,  26,  24,1478626604.910
  -1,  -2,   2, -11,  -3,   9,  -2, -18,1478626604.911
   1,  -1,   0,  -9, -34,  -3,   4,  -9,1478626604.911
  14,  -7,  10,  86,  43,  -6,   0,  48,1478626604.924
   6,   3,   3,  16, -10, -19,   2,  -6,1478626604.924
   4,   6,  -7,  13, -81, -29,  -3,  41,1478626604.932
 -17,   0,   4,   7,  22,   6,   3, -14,1478626604.932
   5,   4,  -1, -17,  16, -14,   1, -20,1478626604.947
   7,  -2,   9,  23,   7,  19,  13,  22,1478626604.947
  -1,  -2,  -5, -17,   4,   0,  -8, -17,1478626604.955
  11,   6,   4,  97, -11,   3,   2,  23,1478626604.955
   5,  21,   5, -54,   8,   3,   0,  -9,1478626604.971
 -18,  -4,  -9,  37,  22,   1,   4, -15,1478626604.971
   6,  -3,  -4,   6, -19,   9,   7,  -9,1478626604.971
  -3, -22,  -4, -63, -14,  24,  -1,  19,1478626604.972
   2, -14,   6,  64,  -9,  18, -11, -44,1478626604.984
   6,  -8,  -5, -61,  20,  -3,   3,  14,1478626604.984
 -14, -15,  -5, -62, -33, -20,  -2, -12,1478626604.992
   5,  12,  -4,  63, -53,  -4,   0,  16,1478626604.992
   7,  -3,   0, -32,  35, -15,  -2,  -1,1478626605.007
 -14,  -2,  -7, -37, -18,  -2, -12,   9,1478626605.007
   0,   0,  -3,   9,   6,   5,  -3,  -5,1478626605.015
  -1,   3,  -2, -37,  -1,   0,  -4, -18,1478626605.015
   7,   5,   1,   8,  30,   9,  -8, -10,1478626605.030
 -17,  -5, -14,  21,  -9, -24,   9,   9,1478626605.030
  11,  10,   4,   3, -27, -30,  -8, -12,1478626605.031
   7,   2,   7, -25,  29, -21,  15,  19,1478626605.031
  -5, -20, -11, -12, -19, -19,   0,  -3,1478626605.044
   8,   3,  -2,  23,  30,  13,   1,  17,1478626605.044
  -3,   4,   4,  14,  26,  19, -12, -23,1478626605.052
  -1,  -3,   3, -86,  -7,  -4,   0, -21,1478626605.052
 -19,   6, -10,  61, -72,  -5,   0,  21,1478626605.067
   9,  10,   4, -46, -30,  -2,  -2,  11,1478626605.067
 -10, -12,   7, -16,  42,  28,  -7, -30,1478626605.075
  17,   9,  -5, -11, -20,  22,  15,  36,1478626605.075
 -10, -15,   9,  85,  -7,   5,  -5,  11,1478626605.090
 -24,  21,   3,  11,   1, -12,  -8, -36,1478626605.090
   3,  20,   1,   7,   4, -14,   2,  15,1478626605.091
   5,   7,   4, -16, -31, -13,  -7,   3,1478626605.091
   2,  -2,  -2, -66,  13, -23,  -3, -13,1478626605.104
   8, -14,  -2,  78,   7,  -3, -11,   1,1478626605.104
  -2, -13,  -2,   5,  20, -16,  -7, -17,1478626605.112
  -6,  -9,  -2,  20,  46,  13,  15,  12,1478626605.112
  -5,  -8,  -5, -32,  -6,  32,  10,   0,1478626605.127
  -4, -11,  -9, -20,  -1,  -7, -10, -19,1478626605.127
   1,   1,   0,   5,  25,  -5,   6,   7,1478626605.135
  -8,  -8,  -2,  14,  -8, -24, -15, -17,1478626605.135
   0,   2,   3, -10,  -3,  14,  -3,  -6,1478626605.150
   4,   6,  -3, -27,   7,   7,   3,   3,1478626605.150
   9,   3,  -4, -62,  -4, -10,   3,  23,1478626605.151
 -21, -13,  -1,  10,  -7,  -8, -10, -12,1478626605.151
  11,   3,   1,  56,  -7, -28,  20,   5,1478626605.164
  -3,  -6,  -3, -28, -25,  11, -10, -11,1478626605.164
   0,  -2,   1,  12, -10,  -3,   6,   7,1478626605.172
   2,   0,  -1,  18,   9,  49, -11,  -9,1478626605.172
   7,   3,   0, -17,   5,  21,  -8, -12,1478626605.187
   6,   3,  -1, -11,   0,   3,   0,  15,1478626605.187
  -8, -18,  -3,  22,  30, -17,   5,  -7,1478626605.195
   1,   7,  -1,  -2,  -7, -15, -15,  -9,1478626605.195
  -4,   1,  -9,  39,  26,  -7,  -5, -18,1478626605.210
 -10,  -9,   1,  12,  15, -16,  -7,   0,1478626605.210
  -5,  -1,  -4,  -5,  -6,  -2,   0,  -1,1478626605.211
  -4,  -6,   2,   4,  28,  -5,   0,   3,1478626605.211
   0,   6,  -7,  10, -17,  -2,  -7, -16,1478626605.224
   0,  -3,   4, -21,  -2,  -5,  -2,   2,1478626605.224
   2,   0,  -2,  48, -16,   1,   5,  10,1478626605.232
  -4,  -3,  -6,  -5,  -5,  -7,  -3,  -3,1478626605.232
   2,   0,   1, -36,   9,  11,   9,  16,1478626605.247
   8,  -1,   9,  26,  59,  -2,  12,   2,1478626605.247
  -8,   1,   1,   8, -31,  -3,  -8, -20,1478626605.255
   0,  -1,  -4, -18,  -7, -14,   0,  -8,1478626605.255
  -7,  -7,  -3, -59,  -9, -10,  -2,  -2,1478626605.270
   0,   3,  -3,  34,   3,  -6,  -2,   5,1478626605.270
   3,   1,   2, -18, -13,  -2,   6,  -5,1478626605.270
   8,   8,   1,   0,  -8,   8,  -5,  -8,1478626605.270
 -11,  -7,   0, -17,   3,  20,   3,   6,1478626605.284
   0,  -5,  -5, -19, -11,  22,  -2,  -4,1478626605.284
  -3,   3,  -6,   2,  -4,  15,  -7,   4,1478626605.292
  -3,   3,   2,  21,  -8,   1,   3,   9,1478626605.292
   1,  -6,   1, -15,  -5, -10,  -1,  -3,1478626605.306
   0,  -1,  -6, -22, -14,  -1,  -3,  -6,1478626605.306
   0,  -3,   0,   8,   9,   3,   5,   6,1478626605.315
  -4,  -5,   0, -13,  -2,  -1,  -2,  -4,1478626605.315
  -1,   2,  -3,   0,  -6,  -9,  -4,  -3,1478626605.330
  -1,   0,  -1,  -8,  -4,   4,  -6,  -9,1478626605.330
   0,  -1,   2,  -2,  27,  -3,   3,   2,1478626605.331
  -2,   1,  -4,   5, -45,  -6,  -2,  -1,1478626605.331
   0,   3,  -1,  12, -23,  11,  -6,  -1,1478626605.346
   0,  -2,  -2,  -4,  -2,   8,   1,  -3,1478626605.346
   4,   4,   0,   2,  11, -10,  -5,   5,1478626605.352
  -4,  -4,  -1,   3, -10, -50,  -1,  -6,1478626605.352
   1,  -3,   0, -10,  -5, -41,   2,   0,1478626605.367
  -2,   4,  -6,  -6,  38, -20,  -2,  -1,1478626605.367
  -2,  -1,  -4,   0,  46,  17,   0,   6,1478626605.375
  -6,  -1,  -5,  -5,  17,  35,  -8,  -2,1478626605.375
  -6,   0,  -6, -10, -33,  10,  -2,  -1,1478626605.390
   0,   1,   9,  10, -25,   8,   3,   2,1478626605.390
  -6,  -1,  -3,  -1,  -1,  11,   1,   3,1478626605.391
  -6,  -6,  -4, -19,  43,   3,   1,   0,1478626605.391
  -6,   8,  -7,  22,   2, -98,   1,  12,1478626605.404
 -16,   3, -11, -35, -32,-115,   2, -12,1478626605.404
  -1,   2,   2,   0, -70,-128,  -1, -12,1478626605.412
  52, -14,  42,  79, -43,  89,  13, -30,1478626605.412
 100, -29,  73, 117,-105, 116,  19, -47,1478626605.427
 111, -17,  27,  93, -12, 127,  -1,  10,1478626605.427
  41,  13, -23,  -5,  87,  96,  14,  43,1478626605.435
 -39,  25, -58, -84,  96,  -2,   3,  54,1478626605.435
 -99,  17, -66,-107, 127, -80, -20,  29,1478626605.450
 -99,  11, -42, -96, 110, -81, -21,  -4,1478626605.450
 -88,  -6, -26,-114, -27, -70, -27, -16,1478626605.451
 -66,  12, -24,   1,  22,-121, -17,   7,1478626605.451
 -73,  27, -33, -32,  71,-121,  -7,  11,1478626605.464
 -84, -13,  -9, -41,  48,  41,  -4, -17,1478626605.464
 -35,  -1,   8,  17,  53, 102,  -7, -17,1478626605.472
  15, -27,  68,  78,-119, 113,   6, -58,1478626605.472
  99, -83,  86, 111, -41, -67,   7, -44,1478626605.487
 112, -83,  45, 102,-107,-128,  17,   1,1478626605.487
 100,  74,  26,  71, -18,-128,  25,  15,1478626605.495
  48,  77, -10,  -6,  34,-128,   4,  26,1478626605.495
  -2, 114, -24, -18,  31, -90, -10,  17,1478626605.510
  -7, -20,  -7, -32,  40,  43,   0,   7,1478626605.510
  -7, -56,   3,  -1, -80,-106,  -6,  -8,1478626605.511
   8, -28,   0,  -9, -11,-128,  -6,   1,1478626605.511
  -1, -38, -17, -41,  25,  36,  -7,  -1,1478626605.526
 -10,  13, -15, -27,  66,  60,  -1,  11,1478626605.526
 -19, -22, -19, -72,  17, 127,  -9,   4,1478626605.532
 -28, -10, -14,  52, -92, 127,  -1,   3,1478626605.532
 -29,  -3,  -7, -46, -74, 127,  -4,  -5,1478626605.547
  -8,   7,   1,  16, -52, -67,   0,  -8,1478626605.547
   4, -13,  14,  13,  12, -93,   3, -10,1478626605.555
   8,  -4,   4, -40,  22,-128,   4,  -8,1478626605.555
  12, -13,  -3,   0,  12, -70,   4,   4,1478626605.570
   4,  21,   5,  13, -21,   6,   1,   2,1478626605.570
   2,  10,   2,   5,  17,  12,  -6,  -3,1478626605.571
  -5,  -8, -11, -62,  32,  39,   4,   6,1478626605.571
 -10, -10,  -5, -21,   7,  85,   0,  -3,1478626605.584
  -4,  17,  -1, -41, -28, -43,  -2,  -3,1478626605.584
  -7,  -2,  -7,  34, -17, -71,   1,  -3,1478626605.592
  -2, -11,  -3,  -3,  33, -13,  -2,  -6,1478626605.592
  -3,   1,   2,  10,  32,  -7,  -3,  -3,1478626605.607
   0,  25,   3,  12,  -1, -15,   0,   3,1478626605.607
  -6, -14,   4,  18,  16,   4,  -2,  -6,1478626605.623
  -5, -11,  -5, -19,   3,  -5,  -5,  -1,1478626605.623
  -3,  -2,   0,   0,   2,   0,   4,  -3,1478626605.630
  -5,   0,  -5,   1, -24, -12,  -1,  -8,1478626605.630
   5,  -3,   4,  12, -11,  22,   1,   1,1478626605.632
   2,  -9,  -3,   6,   7,  26,  -2,  -1,1478626605.632
   2,  -1,   1,  21,  -4,  -7,   3,   3,1478626605.644
   3,   7,   2,  17,   0,   7,  -4,  -2,1478626605.644
  -5,  -5,  -5, -31,  -5,  22,   0,   2,1478626605.652
  -7,  -2,  -5, -31,  65,   6,  -2,   0,1478626605.652
  -4,  -2,  -2,  -8,   8,   3,  -2,   1,1478626605.667
   1,   2,  -4,  33,  48,   5,   2,  -1,1478626605.667
   0,   3,   3,   8, -41,   7,  -3,  -4,1478626605.675
   4,  -2,   5,  19,  -6,  -6,  -2,   1,1478626605.675
  -4,  -2,   0, -21, -48,  -1,  -4,  -3,1478626605.689
   2,   5,  -2,  13,  -2,   2,  -4,  -1,1478626605.689
  -3, -10,  -4,  13,  36,   2,   0,  -3,1478626605.697
  -4,  -1,  -6, -15, -13,  22,   3,   0,1478626605.698
   5,   7,   6,  27,  84,  13,   1,  10,1478626605.712
  -8,  -6,  -7, -21, -79, -23,   1,  -3,1478626605.712
   3,   1,   3,  14, -69, -12,  -3, -11,1478626605.713
   4,  -3,   1,  23, -15, -38,  -8,  -3,1478626605.713
   5, -10,  -8, -36, -55,   7,  -3,  -5,1478626605.727
  12,  11,   9,   3,  29,  12,  10,  11,1478626605.727
 -10,  -2,  -4,   6, -63, -32,  -9,  -7,1478626605.735
  -7,  -1,  -3,  17,-110, -71,   4, -13,1478626605.735
   6,  13,   6, -29,  -5,   1,  -9, -10,1478626605.749
  36,  15,  -9,  32,  67,  54,  -2,   3,1478626605.749
  77,  28,  -4,-108, 107, 100, -21,  10,1478626605.757
 -21,  74, -12,  43, 112,  51,   4,  16,1478626605.757
  -3,  62,  -3,  45, 101,   9,   2, -10,1478626605.772
  17,  -9,  -3, -78, -99,  61,  -2, -12,1478626605.772
  39, -47,  11,  22, -13,  53,  25,  13,1478626605.773
  64, -68,  42,  16,-128, 105,  24,   5,1478626605.773
 114, -57,  58,  54, -69,  16,  47,  11,1478626605.786
  36, -71,  97,  24, -68, -40,   7, -16,1478626605.787
  36,  -9,  99, 127,  -3, -66,   5,  48,1478626605.795
 -69,  63, -86,  84, -12,-116, -80,  42,1478626605.795
-123,  85,-113,  78, -30, -48, -90,  17,1478626605.809
-128,  14, -26, -55, -33,-105, -94, -48,1478626605.809
 -60,  -8,  86,-128, -42,-128,-126, -19,1478626605.818
 -17, -72, 127,-105,  73,-104,-101, -18,1478626605.818
 -29, -52,  -6,-128, -31,  14, -47,   8,1478626605.832
 -43,  30,-126, -95, -79,  63,  30,  16,1478626605.832
 -83,-103,-128, -43,-118,  92,  72,  79,1478626605.833
 -52, 106, -30,-128, -86, 127,  28,-101,1478626605.833
 -20,  77,  45,-126,  64,-123, -68,-108,1478626605.847
  19,   3,  87,-124, 127,-110,  45, -55,1478626605.847
  49, -23,  41, -23, 127, -20, 107,  29,1478626605.855
  70,-128,  23,  93, 102,  44, 115, 127,1478626605.855
  29, -80,  59, 103,  19,  98,  53, 127,1478626605.869
 -25,  78,  92, 127, -48, -35,  55,  54,1478626605.870
 -24,  94,  38, 127, -60, -16, -10,   7,1478626605.878
   6,  19,   0,  42, -72,   9, -42,  23,1478626605.878
  11,   4, -25,  93, -54,  20, -29,   3,1478626605.901
  13, -55, -24, 124,  10, -57, -79,  32,1478626605.901
  -6, -30, -30,  32,  -4,  56, -43, -25,1478626605.901
  -5, -52,  -2,  27,  23,  39, -34,  -5,1478626605.902
  -6, -34,  -9, -32, -21, -17,  61,  -2,1478626605.907
   1,  22, -48,  60,   1,   0, -35,   7,1478626605.907
 -10,  16, -44,  63, -26,   2,   7, -15,1478626605.923
   2, -12, -40,  11,  25,  -7,  29, -18,1478626605.923
   9, -41,  -1, -18, -31, -83,  40,  10,1478626605.929
  14, -58,  -4,   1,  25,  56,  25,   9,1478626605.929
  -9, -19, -10, -10,  20,  13, -67, -18,1478626605.937
  46, -16,   8,   2,  15,-100,   8,   9,1478626605.938
  47,  -6,   1,-108, -18,  -5,  -1,  10,1478626605.953
  27,   7,   0, -82, -16,  16,   0,   8,1478626605.953
 -10,   4,  -2, -69,  16,  15, -35,  -9,1478626605.953
 -24,   2, -18, -35, -22, -13, -33,   0,1478626605.953
 -54, -19,  -3,   9,  24, -28, -39,  -8,1478626605.967
 -27, -16, -18, -40, -66, -32, -22,  -6,1478626605.967
 -19,   5,  -4, -41,  39, -71,  35, -20,1478626605.975
  -9,   2,  -9, -36, -11, -86,  33,  -9,1478626605.975
  -5,  -3,   8,   7, -22,  81,  10,  -4,1478626605.989
   1,  -7,   5,  11,  25,  35, -14,   4,1478626605.989
   3,  13, -12, -12, -19,  41,  -5,  -1,1478626605.997
   0,  13,   3,   3, -21, 107, -13, -11,1478626605.997
   7,   3,   6,  21,  -5,  -1,  -8, -15,1478626606.013
  13,   3,   2,   9,  36,  46,  31,  -1,1478626606.013
  10,  15,   9,  31,  25,-100,  30,  -7,1478626606.013
  -8,  17,   4, -17,  -4, -30, -24, -18,1478626606.013
   2,   4,   5,  17,   3,  24,  31,  51,1478626606.028
   2, -12,  -2,   1,  -2,  38, -32, -42,1478626606.028
  -2,  15,   3,  10,   0,  56,   4,  52,1478626606.036
  -5,  -5,  -9, -10,  10,  14, -10, -26,1478626606.036
   1,  -1,  -1,  13,  -3,   8,  29,   2,1478626606.049
  -3,  -4,  -4,   1, -18, -18, -10,  -1,1478626606.049
   1,   1,  -1,  -6,  -6,  21,  34,  63,1478626606.058
   1,   4,  -2,  -9,  -3,  25,  43, -57,1478626606.058
  24,  -3,   0,  17,   5,  17,   3,  41,1478626606.072
  33,  16,  30,  36,  13,  10,  75,  95,1478626606.072
 -11,  -2, -16, -12, -19,  13, -45,-125,1478626606.081
  -9,  17,  11,  15,   1, -11, -31, 108,1478626606.081
  35,  -8, -21,  -5,  14,  -9, -48, -61,1478626606.096
  25,   8,   6,   2,  -9, -28, -48, -30,1478626606.096
  11,   5,   4,   7,   6, -42,  14,  14,1478626606.097
 -34, -12,  -3, -11,   0,  75, -49,  -7,1478626606.097
 -19,   6,   3,  -9, -35, -81, -21,   8,1478626606.109
 -22, -15,   2,  -7,  24,  51,   3, 115,1478626606.109
  65,  11,  14,  13, -14,  21, -35, 110,1478626606.118
   1,   3,   8,   6, -16,  85,  54,   1,1478626606.118
   6,   7,  31,   0,  12, 127,  16,  49,1478626606.132
 -28,  -6,  34,  -6,  20,  89, -21, -63,1478626606.132
 -29,  -7,   9, -58,  83, -97, -38,  46,1478626606.141
  -6,   1, -48, -21, -53, -62,  16,  55,1478626606.141
 -22,   6, -59, -11, -70, -48,   7,   0,1478626606.147
  -2,  -9, -28,  -3,  54, -44,  16, -41,1478626606.147
   1, -32, -18,  59,  33,  14,   8, -77,1478626606.156
   9, -16,  12,  28, -46,  62,   2,  -2,1478626606.156
 -28,  -2, -13,  -3,-115,  90, -21, -50,1478626606.169
 -10,   0, -40, -19,  -6,  48,  -8, -43,1478626606.169
  -3,   5,  22,  15,  95,  16, -13, -79,1478626606.178
  24,   1,  12,  44, 120,-128, -18, -46,1478626606.178
   2,   5,   4,   3, 127,-128,  -2, -36,1478626606.200
   6,  82, -14,  51,  42,  83, -22,  16,1478626606.201
 -25,  85, -31, 110,-117, 127, -27,  44,1478626606.202
  -7, -73, -24,  60,-115,  24, -99,  67,1478626606.202
  87, -87,  34, -80, -40,  17,  91, -40,1478626606.207
 112, -81, -40, -69,  81,-128,  94, 116,1478626606.207
 -88,  36, -38, -57,  14, -15, -75, -43,1478626606.216
 -83, 127,  86, -78,  28, -88,  27, -90,1478626606.216
-128,  89,  90, -78, -20, -17,-128, -94,1478626606.222
 -67, -99,  36,-117, -62,  47, -14,  39,1478626606.222
 124, -99, -24, -92, -17,  82, 127, 119,1478626606.238
 116, -65, -31, -12,  34, -63,  96, 122,1478626606.238
  95,  18, -16,  69, 127, 104,  93,  96,1478626606.244
  57,  63,   1,  80, 104, -39,  20,  68,1478626606.244
  57,  21, -36,  77, -25,  23, -23,  25,1478626606.261
   3,  24, -54,  42, -56,  10,  -4,  -5,1478626606.261
  44,   8, -37,  15, -88, -57, -16, -10,1478626606.267
  42,   8,   9,  22, -56,  90, -79, -35,1478626606.267
  13, -11,  80, -14,  92,  58, -36, -20,1478626606.276
 -44,  11,  27, -29,  74, -66,  -9, -59,1478626606.276
-117,  99,   5,  20,  23, -19,  42,   3,1478626606.289
-128, 114, -12,   6,  -7, -39,  76, -61,1478626606.289
-123, 102,  -2, -15,-128, -49,  50, -45,1478626606.298
 -37,  89,   3,  -5, -96,   2,  26,  16,1478626606.298
 -21,  26, -12,  24, -90, -35, -24,  13,1478626606.304
  18,   5,   9,   2,-107, -10, -17, -28,1478626606.304
  33, -28,   9, -15, -27, -56,  -5, -13,1478626606.320
  30, -83,  -8, -12, 127,  53, -36, -11,1478626606.321
  31,-119, -13,  33,  55,  72, -12,  12,1478626606.326
   9, -79,  -4,  14, -15,  30, -24, -24,1478626606.327
  -2, -88,  -1,  28,  19,   6,  -8, -15,1478626606.335
  15, -91, -13,  14,  92,  67,  -9,   5,1478626606.335
  14, -73, -11, -36,  73, -52,  -6,   0,1478626606.349
   2, -45,  -3,  -2, -86,-105,  -6,  -3,1478626606.349
  -7, -47,   2,  -4,-125,-128,   3,  -5,1478626606.358
  13, -19,   4, -14,-117, -65,   9, -14,1478626606.358
  -4, -24,   5, -17, -49, -10,  13,   5,1478626606.364
  -5, -16,  -2, -35, -18, -28,  -3,  -2,1478626606.364
   7,  -4,   5, -49,  24,  52,   7, -13,1478626606.381
  17,  26,   9,  -4,  57, 122,  10,  -9,1478626606.381
  20,  14,  -5,  20,  46,  54,  -5,  15,1478626606.387
   6,   9,  -1,  11,  23,  19,  -8,  -3,1478626606.387
  16,  16,   4,   5,  50,  30,   7,  -2,1478626606.396
  21,  14,   6, -18,   2, -39,  -1,  -3,1478626606.396
   8, -10,  -4,  36,  -4, -80,  -6,  17,1478626606.409
   6,   6,   2, -10,   9, -99,  -9,  -2,1478626606.409
  -3, -15,  -4, -43,  17,-109,  11,  -3,1478626606.418
   1,   5,  -1,  26,   4, -41,  -3,  -4,1478626606.418
   2,   5,  -2,  42,  22, -48,  -7,   3,1478626606.424
  16,  17,  12,  -2, 119, 113,   2,  -7,1478626606.424
 -16,  -3,   7,  85,  90,  57,   4,  26,1478626606.441
 -37, -24, -69, -42, -60,  26, -10,  -3,1478626606.441
 -23, -17,-117, -55, 105,  42, -10,   0,1478626606.456
  66,   8, -95,  13, -34, -67,  -6,  24,1478626606.456
  72,  12, -34, -30, -58,   5,  -7, -31,1478626606.457
 127,   5,  80,  47, -58,  17,   2,  17,1478626606.458
  73,  -1,  97,  57,-106,  -3,   3,  17,1478626606.479
 -84,  14,  80, -47, -78, -55,  -9,  -5,1478626606.479
-110,  -8,  69, -70, -95,  26,   1,  -4,1478626606.480
-128, 103,  -1, -12, -48,  92,   1,   5,1478626606.480
 -82, 122, -56,   5,-118,  41,  -9, -13,1478626606.485
 -98, 127, -27,  48, -97,  62,  -5,  17,1478626606.485
-102,  78,  22,  66,  49,  21,  10,   5,1478626606.501
 -53, -77,  35, -54, 127,  72, -22, -30,1478626606.501
   8,-118,  37, -73, 127,  75,  15,   0,1478626606.507
  56,-128,  20, -71, 114,  11,  -7, -24,1478626606.507
  61, -95,  -3, -37, -46,-128,  24,  14,1478626606.516
  26, -81,  18,  19,  51,-128,  -5, -18,1478626606.516
  38,-114,  30,  17, 104,-128, -17,  -6,1478626606.529
  27,-128, -30, 127, 120, -16,-113,  -1,1478626606.529
  10,  72, -63,  -7, 127, -91,-128, -26,1478626606.538
 -42, 110,-106, -28,  89,  17, -50, -81,1478626606.538
 -54,  81, -22, -72,-128, 113,  77,-112,1478626606.544
-104,  -4,  81, -70, -96,  33, 127,  57,1478626606.544
 -75,-128,  70,  81,  69, 127,  36,  96,1478626606.559
 104, -16, 123, 127,  88,  26,  95, 114,1478626606.559
 108, 101,  68,  -5,   9,-128,  12,  89,1478626606.567
 127,  72,   1, -90, -67, -92,   4,  58,1478626606.567
  54, -71, -40, -69,-128,-128,  17, -55,1478626606.583
 -34,-114, -90,  37, -91, -52,  -2, -10,1478626606.583
 -35, -62, -54, 112, -34,  52, -36, -59,1478626606.589
 -85, -25, -77, -47, -15, -45,   6, -65,1478626606.590
 -19, -23, -31,-107,  27,  12, -20, -36,1478626606.598
 -14, -32, -14,  69,  62,  19, -23, -44,1478626606.598
 -49,  19, -71,  29,  44, -35, -54,   1,1478626606.604
 -93,  51,-123, 127, -44, -28,-128, -10,1478626606.604
 104, 116,-122, 110,  97, -79,-116, -24,1478626606.619
-105, -95,  44,  -6,-128,   7,  49,-104,1478626606.619
 -17,-103, -14, -89, -96, -38,  29,  24,1478626606.627
-100,-128, 127, -93,  47,  84, 127,  67,1478626606.627
  73,-125, 108,-128,  67,  40,  55,  92,1478626606.636
 -68, -75,-105, -38, 124, 113, -55, -28,1478626606.636
 -60,  57, 122,  31, 127, 115,-128,   4,1478626606.649
  -5,  36,  90,  64, -59,  49, -59,-128,1478626606.649
  26,  90, 127,  95, -92,  80,  33, -51,1478626606.658
 113, 113, 123,  12,  -4,  22,  12,  31,1478626606.658
  17,  51,  23,  73,  27, -77,  51,  41,1478626606.664
  45, 103, -19,  37,  15, -26, -10,   3,1478626606.664
 -48, 104,  -4,  74,  64, -94,  14,  16,1478626606.679
 -12,  54, -31,  13,  46,-109, -22,  24,1478626606.679
  89,  87, -39,  11, -77,  71,  -4, -26,1478626606.687
  23,  34, -31, 127,  83,  91,   6,  15,1478626606.687
 -46, -34, -77, 127,-128,  27, -21, -13,1478626606.696
 -14,  88, -28, -12,-117, -16, -11,  21,1478626606.696
 -18,  86, -14,  65, -52,  80, -75,  21,1478626606.709
  66,  66,  -7,  57,  20,  28,-116,  48,1478626606.709
  95, -36,  48,-108,  96,   4, 111, -42,1478626606.718
  85,  95,   3,-111,  19, -36, -97,  -5,1478626606.718
  12, -80, -14,-128,-122, -97, -74, -76,1478626606.724
   3, -58, -74,-128,-128,-125, -89, -95,1478626606.724
 -67, -51, -71,  66, -91, -65,  35,  49,1478626606.739
  22, -48,  16,  -6, -29, -74, 122,  63,1478626606.739
  13, -53,  13, -66,  14, -18,  99,  59,1478626606.755
 -12, -21,   6,-121,  16,  24,  40,  35,1478626606.755
 -54,  13,  22,-125, 122,  75,  -2,   2,1478626606.757
 -94,  -3,  36, -32,  56,   0,  14,  -4,1478626606.757
-128,  -8,   4,  47,  72, -81, -33,   8,1478626606.769
 -94, -33, -13,  58, -50, -99, -29,  15,1478626606.769
 -32,  24,  22,  64, -41,  13, -89, -23,1478626606.778
 103, -20, -13,  52,  29,  88,-109,  13,1478626606.778
 -72, -37, -99,  59, -37,  34, -20, -42,1478626606.784
 -82,  18, -98,  43, -23,  89, 123, -48,1478626606.784
 -73,  59, -58,  26,  32, -20, 118, -19,1478626606.799
   5,  17,  37,  35,  77,  88, 109,  12,1478626606.799
  78, -17,  75,  27, 127,  78,  88,  37,1478626606.807
  62, -42,  84,   8, 127,  45,  -5,   9,1478626606.807
  14, -24,  50,  11,  75,  89, -92,  -5,1478626606.815
 -18, -53,  21,   5,  68, -10, -73,  -6,1478626606.815
  19, -36,  50,   8, -20, -92,   0, -21,1478626606.829
  45,  13,  27,   2,  96,-100,  30,  16,1478626606.829
   5,   6,  11,  53, 116, -56, -35, -41,1478626606.838
   8,  -3,  -4,  83,  74, -56,  16, -18,1478626606.838
  13,  22, -30, 118,-120,  53, -13,  35,1478626606.844
  21,  21, -29, 127, -20,  17, -32,  23,1478626606.844
 -52,  -6, -34, -71,  50,  14, -55, -15,1478626606.859
 -92, -43,  -3,  33,-128, -76,   6, -29,1478626606.859
 -83,   9,   9,-128,  33,  96,  -8, -45,1478626606.866
 107, 101,  30,  45,  30, 104, -21,  -2,1478626606.867
   5, 127,  68, 112,  -4,  -2, -59, 112,1478626606.876
 -82, 120,  -9, -93, -84, -25,  24,   2,1478626606.876
-121, -86, -85,-109, -88, -59,-113, -88,1478626606.889
 -74,-114, -59,-128,-122,-111,  41,-114,1478626606.889
  75,-114, -20,  20, -61,  -4, 105,  49,1478626606.898
 127, -63,  33,  16,   9,-113,  72, 120,1478626606.898
  98,   0,  64,  33,  62,-128, 110, 127,1478626606.921
  24,  55,  73, -96, 127,  -4,  37,  57,1478626606.921
  54, -22,  45, -62,  40,  55,   1,  33,1478626606.922
  63, -44, -56, -24, -86, -55, -20,  50,1478626606.922
 127, -13, -95, 127, -38, -29, -33,  75,1478626606.927
 -84,  35, -85,  67,  41,  68, -55,  44,1478626606.927
-126,  90,-121,  48,-128,  -3, -26, -56,1478626606.936
 -57, -63,  -8,  40, -89,  81, -53, -12,1478626606.936
 -49, -45,  67, -24, 106,  26,  94,  -5,1478626606.949
  40, -48,  79, -38,  71,  61,  61,  18,1478626606.949
 -17,   1,  74, -99, 127, 127, -32,   1,1478626606.959
 -26,  76, -11,-108,  72, -69, -77, -15,1478626606.959
  -5,  42,  27,  -4, -79, -17, -37,  11,1478626606.964
   5,  11,  74,  -8, -21,-128,   5, -44,1478626606.964
  38,  -2,  33,  64,-128, -94,  52, -70,1478626606.979
  73,  -6,  28, 102,  78,  88,  32, -28,1478626606.980
  51,  15,  13,  77,  23, 127,   1,   1,1478626606.987
  88,  10, -22, 101, -17, 119,   7,  57,1478626606.987
  49,  -2, -73,  76, -27,  48, -51,  -1,1478626606.996
-110, -12, -17, -52, -94,  -2, -33,   6,1478626606.996
 -65, 124,  44,  91,  50, -46,   0,  11,1478626607.009
 -47,  12,  28,   0,  15,  11,  69, -25,1478626607.009
 -39,  32, 109,-128, -60, -82, 102,  76,1478626607.018
  75, -77, -39, 101,   6,  36, -83,-105,1478626607.018
-104,-128,-104,-112, -98, -89, -98,-124,1478626607.032
   3, -75,-125, -91,-128,-126, -45,  40,1478626607.033
  75, -44,  -4, -34, -19, -93,  92,  87,1478626607.047
  92,  30, 127,-119, -11,  66, 127, 127,1478626607.048
 112,  36, 127,-128,  95,  11,  81, 108,1478626607.048
  38,  -3,  79, -81, 127,   1,  -3,  38,1478626607.048
  27,   1,  73, -32,  90, 115,  14, -42,1478626607.056
  17,  33,  42,  -3, -16, -90,   0,  47,1478626607.056
 127, -18, -60,  61,  24, -33, -69,  34,1478626607.069
  71,  55, -88,  49,  33, -50, -75,  90,1478626607.069
 -61, -19,-128,  66,  -7,  82, -96,  46,1478626607.078
-128,  21, -32,  55,-113,-106,  -7, -80,1478626607.078
-128,  15,  45,  51,  48, -47, 127, -65,1478626607.084
  32, -22, 125,  66,  71,  47,  45,   0,1478626607.084
 -48, -15,  58,  27,  80,   3, -42, -34,1478626607.099
 -36, -14,  24,  17,  12,  78, -23, -55,1478626607.099
 -32,  -7,  35,  -4,  60,  -4,  20, -21,1478626607.116
 -31, -13,  17,   7,-128, -29,  43, -40,1478626607.116
  44,  -3, -10,  53,  79, -52,  26, -29,1478626607.117
  -4,  15, -29,  98,  71,  22,  -1,  27,1478626607.117
   4,  12, -22, -68, -85,  61, -26,  21,1478626607.130
 -50,  -2, -37,  57, -11,  37, -29,  -5,1478626607.130
 -26,   3, -49, 106, -42,  42, -43,  30,1478626607.146
  84,  12, -29,   3,  73,  68, -28, -40,1478626607.147
  40,   8,  11, -37, -78,  43,  51,  37,1478626607.147
  83, -20,  23,  49,  49, -56, -35, -37,1478626607.147
-105, -49,  16, -24,-128,   9, -96,  -6,1478626607.159
-121,  -3, -37, -81, -85, 126, -13,  49,1478626607.159
 -71, -25,-110, 127,-107, -81,-119, -53,1478626607.167
 -92, -37, -81, -21,-118, -57,  25, -59,1478626607.167
  64, -23,  45, -53,  24,  12, 104, -33,1478626607.183
 102,  16,  62, -57,  57, -26,  63,  26,1478626607.183
  62,  24, 120, -57,  98,  26,  73,   1,1478626607.189
   8,  19,  88,-128, 118,  78,  30,  -8,1478626607.189
  67,  24,  33, -22, -47,  49,  44, -43,1478626607.198
  32,  52,   9,-115,-110, -78,  -2,  57,1478626607.198
  26,   7, -12, -15, -92, -11, -28,  23,1478626607.213
 105,  13, -26,  71, -45,  85, -91,  72,1478626607.213
  64,  22, -13, 104, -92, 102, -47,  40,1478626607.221
 -35, -33, -21, 127, -22, -83, -23, -51,1478626607.221
 -79,  24, -70, 127,  74, -72,  14,   3,1478626607.236
-109,  20, -49, 127,  98,  26,  32,  -7,1478626607.236
-121,   7, -25,  82, 127,  89,  -8, -24,1478626607.237
 -93,  12, -19, -46,   0,  21, -22, -31,1478626607.237
 -13,  -6,  37, -98,  40, -21,   1, -27,1478626607.249
  24,   1,  57,-128, -50, -45,  32, -25,1478626607.249
  69, -11,  -4, -34,  87,-128,  34,  12,1478626607.258
  33, -14,  -8, 127,  99,   6,  -5,  22,1478626607.258
  15,  -7,   1, -51, -45,  99, -20,  14,1478626607.272
 -21,   5,  -5,  70,  -3,  69,  -8,  -5,1478626607.272
  44,  -6, -50,  81, -44, -33, -29, -15,1478626607.279
  47, -20,  24, -71, -74, 107, -25, -61,1478626607.279
 -51, -35,  21, -70, -73,  24,  37,  -9,1478626607.296
 -14, -44,   5,  16,  61,  61,  24,  -7,1478626607.296
-128, -42,  -5,  50,-118,-110, -76,  15,1478626607.298
 -40, -81,  -2,-113,  68, 111, -59,   2,1478626607.298
  -7, -46, -55, 105,  14, -86,  41, -19,1478626607.309
 -27,  -7,  13,  40, -51, -92,  61, -25,1478626607.309
  35,  18,   1, -71,  64,  89,  84, -25,1478626607.326
  61,  25,  18,   7, -37, 108,  40,  -2,1478626607.326
  76,  39,  51,  10, 104, 127,   2,  25,1478626607.332
  35,  32,  37, -70, 124,  16,  -2,  -5,1478626607.332
  64,  40,  -4,  72, -95, -60,  -1,   7,1478626607.339
  13,  15,  -6, -67, -60, -94, -10,  18,1478626607.339
  27,  -3, -29, 111, -90, -45, -82,  51,1478626607.355
  25,  23, -40, 123,-128,  47, -82,  54,1478626607.355
  77,  -3, -14,  33,-128, -23, -32, -19,1478626607.357
  18,  -9,  47, 127, -76, -69,  -5, -39,1478626607.357
  61,  -4,  48, 127,  50,  94,  -4, -49,1478626607.369
 -91, -10, -34,  14,  71,  37,  55,   3,1478626607.369
 -90,  -2, -30, -19, 127,  -4,  39,   6,1478626607.378
-112,  10, -52, -57,   1, -45,  22,  10,1478626607.378
 -35,   2, -10,-128,  47, -67,  10,   6,1478626607.392
 -15,  -4,  23,-102, -59, -98, -13,  -2,1478626607.392
   6,  -3,   4, -34,  13,   9,  12,  26,1478626607.399
 -13,   2, -27, 111,  52,   0, -20,  13,1478626607.399
 -26,  -1,   7, -33, -95,  84, -49, -19,1478626607.416
  -7,   3, -30, 110, -59,  82, -46,   6,1478626607.416
 -18,   1, -12, -43, -59,  27, -41,   7,1478626607.417
  22,   2,  17, -54, -63,  66,  42,   0,1478626607.417
  10, -29,  28,-104, -38,  12,  52, -74,1478626607.462
  29, -43,  39,-103,  39, -64,  36, -26,1478626607.462
 -18, -56,   7,  58, 106, -43, -50, -12,1478626607.470
 -37, -51,  12,  -8,   7, 108, -73,  -3,1478626607.470
  -8,  37,   1,  83, -45, -83,  31,  11,1478626607.476
   5,  26,  14,  35, -24,-128, -10,   5,1478626607.476
   6,  32,  -8,-128,   8, -88,  38,   5,1478626607.477
  35,  60, -10, -22,  68,  66,  23,   3,1478626607.477
  -3,   4, -15, -68, 127, 110,  -6,  21,1478626607.492
   8,  22,  39, -83,  74, 127,  13, -53,1478626607.492
  52,  56,  28,  75, 109, 127,  42,  -4,1478626607.494
  18,  65, -37,  63, -81,-128,  19,  28,1478626607.494
   0,  70, -40,  24, -18, -71, -53,  43,1478626607.507
 -38,  13, -28, 127, -89, -38, -47,  20,1478626607.507
  -2,-109,  -3,  75, -28,  -8, -37, -14,1478626607.509
  24,-122,  15, 127, -55, -55,   3, -51,1478626607.509
  79, -86,  25,  66,  83, -26,  44, -26,1478626607.522
 127,  -4,   0,  19,  84, -57,  11,  15,1478626607.522
  49,  30,  -5,-122,  98, -43,   6, -36,1478626607.524
 -52,  32,   5, -68,  -8, -36,  22,  -8,1478626607.524
 -69,  29,   7, -77,-113, -31,   6, -17,1478626607.527
 -66,   4,  14, -71, -32,  -2,  32,  -4,1478626607.527
 -52,  13,   9,  17,  95,  27, -29,  -1,1478626607.536
 -14,  12, -31, 127, 127,  10, -15,  39,1478626607.536
 -58,   5, -30, 113, -55,  42, -15,  20,1478626607.549
 -58,  -8, -16, 116, -45,  40, -51,   7,1478626607.549
 -32,   9,  -7, 115, -14,  46,  -9,   6,1478626607.559
  11,  -1, -10,  90, -34,  51, -28, -16,1478626607.559
 -25,  -4,  11,  73, -71, -42,  47, -25,1478626607.572
 -48, -47,   6,  86, -18, -69,  15,  22,1478626607.572
 -27, -65,  10, -62,  23, -96,   7, -21,1478626607.587
 -42, -27, -11,  95, 107, -48,  -8,  36,1478626607.587
 -20, -25,  20, -32, 127, -62, -92, -14,1478626607.588
   9,  51,   0, -21,-105, -89,  28, -29,1478626607.588
  21,  64,  24,-119,-119,  52,  43, -51,1478626607.602
  69,  44, -14,-128, -50, -75,  51,  28,1478626607.602
  74, 120,  21, -85,  -5, 127,  36,   2,1478626607.609
  54,  76,  12, -81,  46, -41,  16,   5,1478626607.609
  64,  62,  32, -59,  50,  84,  25,  34,1478626607.618
  77,  33,  26, -14, 116, -68,  24,   8,1478626607.618
  46, -57, -43, -60, -64,   1, -14,  51,1478626607.632
 -25, -90, -85, 100, -54, -57,-128,  51,1478626607.632
 -88, -63, -61, 127,-128,-124, -85,  21,1478626607.639
 -72,  51, -24,  73,  34,  78, -72, -21,1478626607.639
 -19, -50,  18, 127, -38, -68,   7, -29,1478626607.647
  55,-100,  41,  74,  49, -24,  88, -46,1478626607.647
 114, -71,   8,  -8,  64,-128,  49, -18,1478626607.662
  49, -32,  18,-106, 104,  15,  86, -11,1478626607.662
  34,  11,  -1,-112,  39, -11,  18,   0,1478626607.669
 -44,  39, -15,-128,-101,  90,  19,  10,1478626607.669
 -90,   7,  14, -16,-124,  15,   8,   7,1478626607.678
 -51,  23,  14,   2,  32,  26, -23, -22,1478626607.678
 -12,  34,  -5,  61, 127,  21,  -7,  26,1478626607.692
 -29,  20, -23,  82,  -3,  50, -43,   4,1478626607.692
 -54,  31, -37, 121, -36,  23, -62,  39,1478626607.699
 -42,   3, -10,  35, -37, -11, -16,  19,1478626607.699
 -42, -23, -29, 127, -30, -24, -38, -18,1478626607.707
  16,  15,  17, -84, -50, 113,  21, -19,1478626607.707
 -32,  24,  36, -69, -42, -21,  -4, -34,1478626607.722
  -3, -93,  38,  78,  17,   3,  69,  -3,1478626607.722
 -36,  19, -16,  11, 127, -12, -35,  20,1478626607.729
 -45, -64,  -4, -47,   6,  61,-114, -17,1478626607.729
   3,   8,  13, -35,-128, -56,  37, -16,1478626607.738
  34, 111,   7,  42,-128,-128,  72,   2,1478626607.738
  53,  26,  38,-121, -81,-112,  67, -31,1478626607.752
  46,  44,   4, -46, -31, -20,  49,  34,1478626607.752
  24, -18, -24, -31,  46,  95, -14,  18,1478626607.759
   7, -39,  12, -82,  27, 112, -22, -17,1478626607.759
  34,   3,  -8,  78,  93,  54,  24,  25,1478626607.775
  29,  56,  10,  -1,  89, -13, -10,  28,1478626607.775
   1,  19,   1, -47,  30, -36,  -4,  -7,1478626607.782
  -5,  25, -38,  84,-110,-122, -55,  24,1478626607.782
 -57,  38, -35,  76,-123,   0, -94,  -6,1478626607.789
  -8,  55,  -9, 120,  77,  68, -22, -16,1478626607.789
  22, -76,  10, 127,  19,  65,  16, -16,1478626607.798
  34, -72,  13,  28, -41,  90,  13, -23,1478626607.798
  88,-128,  46,   0,  79,  61,  49, -29,1478626607.834
 112,-128,  -2, -46, 127, -92,  52,  -3,1478626607.835
  26, -34,  -6, -90,  16, -37,  22,  18,1478626607.845
 -39, -25, -13, -99, -83, -30,   0, -16,1478626607.845
 -52,  12,  10, -32, -95, -15,   1, -23,1478626607.849
 -55,  71,   6,   0, -92, -20,  -1,  -2,1478626607.849
  -6,  74, -12,  33, 127,   7, -20,   5,1478626607.867
 -27,  27,  -9,  84,   3,  21, -50,  17,1478626607.867
 -28,  42, -21, 127,  71,  30, -20,  27,1478626607.868
 -59,  22,  -6, -60, -83,  33,   4, -26,1478626607.868
 -47,  12, -14, -59, -73,  25, -39, -29,1478626607.868
 -40,  19,  -8,  78,  -8,  64, -26,  -4,1478626607.869
  -4,   3,   4,  89,-118,  65,   1, -25,1478626607.880
 -45,  42,  31,  75,-113,  35,  61,  21,1478626607.880
 -45, 111,  21, -85,  -3, -86,  26, -14,1478626607.882
 -12,  57,  -3,-128, 126,  11,  -7, -32,1478626607.882
   5,   3, -10,  42,  56,   3, -43,  13,1478626607.903
  15,-128,  12, -95,  54, -69,  44, -31,1478626607.903
  35,-128,  12, 127, -12,-121,   6,   7,1478626607.904
  47, -95,  29, -16,   2,-128,  35,  34,1478626607.904
  45, -53, -16, -73,  12,  -3,  18,  42,1478626607.917
  18, -21,  26, -92,  94, 103,  -6, -10,1478626607.917
  45,   5,  -4,  63, 123, -37,  19,  29,1478626607.925
  50,  15,   0,-100, 127,  95,   0,   9,1478626607.925
  -2, -12, -22,  43, -80,-101, -15,   6,1478626607.941
 -27,  29, -47, 127,-116, -97, -69,  -7,1478626607.941
 -42,  51, -41,  58,  -7,  28, -57,  -7,1478626607.943
  -2, 104,   0, 127,  94,   8, -23, -49,1478626607.943
  30,  94,  27,  -5, -69,  46,  -1, -26,1478626607.971
 120, -49,  21, 126, 109,  14,  12, -14,1478626607.971
 106,-121,  37, -66,  36, -38,  58,  -5,1478626607.972
  45,-128,  -6, -56, -58, -15,  47, -24,1478626607.972
 -27,  12,  -7,-117, 127,  49,   7,   0,1478626607.984
 -83,  83, -10, -81, -65, -27,  -1,  -7,1478626607.984
 -75,  42,  -4, -38, -74,  24,  11,   6,1478626607.993
 -59,  20,   9,  35,  42,  -4, -20, -23,1478626607.993
 -13, -11,   1,  12, 127,  -5,  19,  14,1478626608.008
 -29,  10, -11, 107, -55,  36, -37,  19,1478626608.008
 -58,   7, -43,  98,  -6,  54, -57,  18,1478626608.015
 -44,   9,  -3, -76,  32, 106,  -2,  30,1478626608.015
 -60, -34, -39,  82,-108,   8, -38, -15,1478626608.029
  -6,  60,  -4,  96, -20, -91,  -8, -31,1478626608.029
 -23, 127,  34,  49,  75,  60,  82,   3,1478626608.038
 -72, 127,  -5, -75, -18, -35, -41, -28,1478626608.038
 -42, -79,   7,  14, -44,  83, -82,  18,1478626608.053
 -47,-111,  10, -75, -78,  35,  -9, -26,1478626608.053
  10,-128,   6, -98,-128, -57,  18,   7,1478626608.055
  48,-128,  13,   9, -94,-109,  60,   9,1478626608.055
  58, -53,  32,-101, -14,   3,  72,   8,1478626608.076
  51, -42, -15, -74,  30,  57, -10,  31,1478626608.076
  42, -20,  17, -83,  59, 127,  -8, -18,1478626608.077
  73,  14,  -2,  84,  75, -82,   8,  49,1478626608.077
  40,  17, -20, -76,  88, -20,  12,  34,1478626608.098
  25,  20,  -8,   9,  87,   3, -12,  38,1478626608.098
 -32,  20, -45,  58, -76, -61, -68,  -2,1478626608.100
 -59,  15, -46, 113,-128, -10, -89,   6,1478626608.100
 -51,  79, -12, 122,   3,  51, -14, -21,1478626608.112
  -9, 127,   1, 127,  84, -42,   9, -28,1478626608.112
  40, 127,  -1, 116, -81,  73,  17, -11,1478626608.121
  67, 101,  21,  48,-101,  89,  54,  15,1478626608.121
 113, -93,  29, -86,  95, -56,  67,  -3,1478626608.143
  61,-109,  10,-128,  96,  31,  40, -11,1478626608.143
   6,-128,   9, -86, -59, -54,  -1,  -5,1478626608.145
 -34,-128,  -4, -40,-104, -11,  29,  -7,1478626608.145
 -55, -42,   7, -55, -55, -16,   1,  -8,1478626608.158
 -36, -51,   5, -38,   9, -10,  12,  12,1478626608.158
 -14, -34,  -3, 102, 118, -10,  -7,  -3,1478626608.160
 -11,   0,   3, 111,  85,  33,  -6,  15,1478626608.160
 -23,  33, -13,  68,  47,  23,  -8, -10,1478626608.181
 -43,  -2, -38,  10, -78, -25, -46,   8,1478626608.181
 -28,  31,  -5, -77, 110,  35,  -5,   1,1478626608.182
 -71, -18, -16,   2, -96,   6, -32,   6,1478626608.182
 -14,  28,   9, -77,-122,-115, -13,   4,1478626608.203
 -33, 126,  25,  40,  75, -73,  27, -17,1478626608.203
 -60, 123, -20,  27, -28,  13, -16,   1,1478626608.205
 -49,  59,   4,  38, 102,  31, -43, -26,1478626608.205
 -11, -22,  -8, 113, -67,   1,  -4, -16,1478626608.225
  27,-120,  11, -77,-128, -30,  43,   1,1478626608.226
  68,-128,  25,   0, -21,-103,  54,   2,1478626608.227
  74,-111,  11, -77, -24,-102,  41,   3,1478626608.227
  38, -57,  -6, -50,  -1,  42,  21,  17,1478626608.248
  16, -47,  -1, -25,  21, -29, -24,  -2,1478626608.248
  35,  -3,  21, -60,  35,  45,   6, -18,1478626608.250
  41,   9,  23, -70, 122,   7,   7,   2,1478626608.250
  28,  41,  12,  -3, 123,  18,  35,  11,1478626608.263
  13,  23, -33,  62,  71, -32, -53,  18,1478626608.263
 -22,  -4, -35, 113,-112, -62, -86,  12,1478626608.265
 -56,   1, -41,  97, -26,  63, -77,  -7,1478626608.265
 -41,  66, -24, 119,  11,  50, -43, -13,1478626608.285
 -44,  69,  -4, 127, -41, 111,  22,   1,1478626608.286
  -3,  32,   8,  81, 127, -61,  32, -14,1478626608.287
  46,  54,  30,  11, -69,   9,  74, -27,1478626608.287
  40,  53,  25, -42,   2, -54,  53, -19,1478626608.308
  39,  29,   0, -59,  58, -20,   6, -11,1478626608.308
  17, -31,   3,-114, -82,  36,   8,   6,1478626608.309
  -1, -85,   3, -32, -78, -25,  -6,  -6,1478626608.309
 -33, -91,   5, -81,-128,   3, -37, -18,1478626608.330
  -1, -58,  15, -38, -53,   3,  11,   8,1478626608.330
  20, -56, -12,  55, 110,  32, -20,   6,1478626608.332
  28,  -5,   1,  27, 127,  11, -13,  -9,1478626608.332
   9, -13, -17,  98,  99, -38, -11,  17,1478626608.344
 -52, -37, -31, 115,  10,  12, -42,  18,1478626608.345
 -52,  11,  -6,  18,  86,  -5, -27, -19,1478626608.354
 -67, -16, -29,  68, -75,   2, -43,   4,1478626608.354
 -36,  18,   8, -24,-108, -44,  14, -31,1478626608.367
 -70,  73,   0,  61,-115,  11,  -1,  -8,1478626608.367
 -27, 125,  14, -58,  33, -19,  -1, -14,1478626608.376
 -28,  62,   1, -21, 116, -91,  -9,  -1,1478626608.376
 -23, -10,  14, -78,  84,  43,  -8, -23,1478626608.389
  38, -84,  15, -57, -83,   4,  70, -14,1478626608.389
  58, -78,  15, -27,-128, -94,  42,  17,1478626608.398
  71, -48,  -3, -76, -29, -90,  15,  -3,1478626608.398
  48, -29, -17,  13,  -1, -65, -10,  26,1478626608.421
  42, -10,  -1, -12,  35,  12, -20,   5,1478626608.421
   3, -25,  -7,-115,  73, 105, -10,  53,1478626608.422
  22,  15,  18, -82, 109,  -3,  24,   4,1478626608.422
  34,  31,  15, -25,  96, 115,  24,  -6,1478626608.436
  47,  43,  14, -43, 127,  53,   8,   7,1478626608.436
   2,   9, -31, 110, -94,-104, -63,  23,1478626608.437
 -48,  15, -36, 104, -85, -55, -72,   1,1478626608.437
 -64,   6, -31,  89, -64,   9, -64,  26,1478626608.458
 -59,  10, -12, 123,  -4,  49, -21, -16,1478626608.458
 -38,  30,  10,  46,  -8,  62,  25, -35,1478626608.460
   4,  22,  26,  -8,  -5, -11,  67, -23,1478626608.460
  35,  21,  39, -22, -44,-111,  59, -29,1478626608.481
  65,  32,  14, -70,  90, -72,  34,   4,1478626608.481
  44,  33,   9, -69, -61,  25,  14,  -6,1478626608.482
  29,  16,  -3, -53,-114,  21,  -9,   4,1478626608.482
  -4, -27,  -8, -21,-107, -50,  -1,  15,1478626608.488
  -6, -50,  -3,   9,-128,   7, -38,  -2,1478626608.488
 -15, -56,   3,  12,  26,  15, -11,  -8,1478626608.488
  -8, -27, -13,  64,  97,  59,  18,   6,1478626608.488
  -6,  -3,   4,  28, 120,  15, -19,  -9,1478626608.496
 -16, -17, -21,  81, 127,  -9, -22,  11,1478626608.496
 -30, -20, -22,  55,  73,  -1, -17,   3,1478626608.503
 -36, -27, -17,  -9,  63, -14, -52,   5,1478626608.503
 -40, -24, -21,  99,  35, -28, -28, -15,1478626608.504
 -35,  -8,   1,-123,-128,  30,   6, -11,1478626608.504
 -16,  16,  24, -47, -85, -25,   4, -31,1478626608.505
  -4,  15,   8,-128,-128,  76, -12,  -5,1478626608.505
 -25,  53,   5, -43,   4, -31,   9, -10,1478626608.518
 -12,  38,  -2, -11, 127,  91, -41,   4,1478626608.518
 -10,   2,  -3, -44,   9,  38,  50,  -4,1478626608.524
  35, -12,  18, -92,  45, -70,  60,  -4,1478626608.524
  48, -19,   8,   5, -36,-100,  33,   0,1478626608.532
  30, -31, -11, 109,  -7,-124,   1,  68,1478626608.532
  -1, -33, -11, -75,  11,  27,   1,  -9,1478626608.541
   5, -10,  15, -57, -21, 125, -25, -10,1478626608.541
  19,  10,   6,  82,  50, 124,   5,  35,1478626608.558
  14,   8,  11,   8,  90,  85,  22, -34,1478626608.558
  42,  27,  10,  80, 103, 123,   1,   5,1478626608.562
   9,  12, -14,   5, -47, -82,   1,  16,1478626608.562
 -16,  -6, -34,  55,  12,  86, -33,  34,1478626608.577
 -50, -18, -35,  70, -28, -49, -74,   8,1478626608.577
 -54, -16, -17,  72, -90,  79, -32,  -6,1478626608.584
 -35, -14,  -4,  49, -24,   3,   8, -20,1478626608.584
  10,  27,  16, -29, -36, -74,  31,  -9,1478626608.623
  37,  28,  24, -24, -70, -92,  52, -29,1478626608.623
  43,  59,  14, -19,  53, -82,  24,   1,1478626608.625
  22,  24,   5,   8,   1, -17,  10,   7,1478626608.625
   9,  -9,   4,-102,-123, -36,   3, -13,1478626608.645
   4, -32,   0, -26,-107,  -5,   7,   2,1478626608.646
   5, -31,   0, -14,-128, -27,   6,   8,1478626608.647
 -13, -31,  -9,  58, -41,  24, -11, -10,1478626608.647
 -13, -23,   0,   2, 123,  14, -26,  -5,1478626608.660
   2,   0,   5,  -4,  99,  15,  16,  -7,1478626608.661
  28, -12,  -5, 113, 119,  -6, -33,   7,1478626608.662
  12,  -9, -11,  13, 112, -22, -25,   6,1478626608.662
 -13, -26, -18,  20,  57, -11, -30,   1,1478626608.675
 -32,  -8,  -6,  81, -27,  19, -26, -11,1478626608.675
 -24, -11,  -3, -97, -86, -81,  -7,  -8,1478626608.684
 -80,  29,   9,  -6,-100,  23,   9,   5,1478626608.684
 -78,  42,  17, -36,-128, -34,  22, -19,1478626608.685
 -11,  52,   7,  38, -48,  28,  18,  25,1478626608.685
 -31,  28,  12, -76,  32,  52,  21, -14,1478626608.686
  33, -14,   9,  66,  80,   7,  -3,  -3,1478626608.686
  24,   0,  18,-128,  64, -78,  44, -16,1478626608.713
  49, -12,  -3,  62,  87,-128,  11,   8,1478626608.713
  27, -19,  11, -42,  65,  -5,  -4,  -2,1478626608.714
   8, -19, -32,  80,  67, -96, -19,  19,1478626608.714
   6, -17,  16, -91,  35, 127,  -3, -12,1478626608.719
  17,  -8,   2, -35,  11,  46,  -1,   8,1478626608.719
  24,  13,  14,  37,  88,  84,  25,  -7,1478626608.727
  32,  27,  24,-112,  90,  85,  32,  -9,1478626608.727
  23,   4,  -9,  15, -21,  38, -18,  17,1478626608.742
  -5,  -2, -11,-111, 120, -94, -44,  11,1478626608.742
 -28, -22, -26, 127,   4,-128, -63,  18,1478626608.743
 -49, -33, -36, 127,  28,  58, -77,  19,1478626608.743
 -35, -24, -25, 104,  64, -44, -32,  -5,1478626608.765
 -26,  -4,  10, -78, -20, 127,  31, -26,1478626608.765
 -15,  -1,  -1, -58,-114,  96,  51,  -7,1478626608.765
  24,  19,  14, -95, -89, -11,  60, -15,1478626608.766
  27,   9,   1, -81,  44, -47,  12,   4,1478626608.779
  17,  22,   5, -95, -89,  -9,  21,  -8,1478626608.779
  12,   8,   0,-107, -40, -76,   6,  19,1478626608.787
  29,  18,  -6, -54,  94, -59,   9,  29,1478626608.787
  19,  11,  -7, -10,-112,   5,  -5,  11,1478626608.804
  -8,  -6, -17, -30, -56, -11, -10,   2,1478626608.804
   9,   0, -28,  61, 127, -34, -24,  14,1478626608.804
  -1,   3, -10,  11,  59,  16, -13,  -3,1478626608.804
 -16,  -8, -15,   3, -69,   4,  -7,  10,1478626608.825
 -16,  -9, -21,  44,  65,  18, -19,   4,1478626608.825
 -11, -10, -34, 111,  86,  -2, -12,  12,1478626608.825
 -15,  -4,  -5,  -6,  22, -24,   2,  -5,1478626608.825
  -6,   2,  -7, -42,  38,  23,  -6,  -9,1478626608.839
  -8,  -1, -13, -17,  -4,  40, -26,   2,1478626608.839
  -1,  -6, -13,   3,  -5,   6,  -1,   0,1478626608.847
   1,   2,   3, -59, -36,  13,  19, -12,1478626608.847
   2,   0,  -6,  23, -21,  19,   3,   3,1478626608.863
   3,  -3, -12,  34, -16,  -2,  -3,   6,1478626608.863
   5,   4,  -7, -85,  17,  -1,  -4,   0,1478626608.863
   5,   2,  -3, -23,  23,  12,   4,  -4,1478626608.863
   2,  -4,  -8, -51,  18,   6,  -2,  -3,1478626608.885
  -2,  -3, -11, -69,  21, -16,  -3,   3,1478626608.885
   0,  -2,  -4, -45,  -6,   2, -10,  -7,1478626608.886
  -6,  -3,  -2,  27, -33,  13,   1, -12,1478626608.886
   0,  -5,  -5, 103,  18,   2,   2,   0,1478626608.893
  -6,  -7,  -6,  47,  10, -78,  -8,   2,1478626608.893
   1,   1,   1, -74, -39, -83,   0,  -8,1478626608.899
  -5,   1,   5, -94, -54,  -5,   1, -12,1478626608.899
  -5,  -7,   0,  78,  29, -59, -21,  -4,1478626608.916
 -16,  -3,   9, -20,  29, -58,   6,  -7,1478626608.916
  -3,   2,   9,  46, -28,  94,   3,  -6,1478626608.922
   6,   2,  10,  19, -59,  72,   4, -16,1478626608.922
  16,  11,  17, -51, -17, 127,  15,  -3,1478626608.931
  12,  -1,   7, -26,  26, 125,   5,  -8,1478626608.931
  -8,  -9,   0,  38,  30,  48,  -8,   4,1478626608.953
 -14,  -5, -10,  46,  47, -90, -12,  10,1478626608.953
 -11, -11, -16,   8,  23, -98, -17,  10,1478626608.955
  -9,  -6,   2,  -7, -22, -36,  -3,  -1,1478626608.955
 -16,  -4,  -2,  -7,  26,   3,  -1,  -7,1478626608.959
  -6,  -7,   0, -11, -40,  39,  -4,  -1,1478626608.959
  -7,  -4,  -8, -14,  13,   3,  -2,  -4,1478626608.976
   5,   7,   5,  -8, -83, -28,   8, -14,1478626608.976
   3,   3,  -3,  -5, -66, -70,   0,   1,1478626608.982
   6,   2,   5,  24, -40, -38, -14,   0,1478626608.982
   5,   6,  -2, -10, -35,  12,  12,  -5,1478626608.991
   5,   9,   6, -32, -85, -11,  -7,  -6,1478626608.991
  11,   9,  10, -10, -66,   8,   0,  -8,1478626609.004
  24,   7, -12,   1, -29,  -6,  -3,   9,1478626609.004
  14,   4,   5,  -9, -75,  35,   4,  -2,1478626609.013
   7,  -2,  -4,  -1,  -3,  23,   5,  12,1478626609.013
 -15, -11,  -5,  41,  23, -42,   0,  -3,1478626609.019
 -13,  -1, -13,  65, 116,  39, -33,   3,1478626609.019
 -17, -10, -12,  75,  68,  20,  -5,   1,1478626609.036
 -11,   1,   0,  10,  22,  62,   6,  -7,1478626609.036
  -5,  -6,   1, -52, -22,  14,  11,   1,1478626609.042
  -5,  -5,  -3, -11,  93,   2,  10,   7,1478626609.042
  -7,  -4,   1, -30,   2, -42,  -9,   0,1478626609.051
   1,   2,   2, -42, -37, -14,   8,  -5,1478626609.051
  -7,   4,   5, -40, -31, -18,  -2,   1,1478626609.064
  -7,  -3,  -1, -20, -36, -50,   6,   1,1478626609.064
   1,   2,   1, -27,  20, -22,   0,   1,1478626609.081
   2,   1,  -3,  15,  63, -28,  -8,  -2,1478626609.081
   5,   1,  -3, -24,  18,  23,  -7,   0,1478626609.082
  -1,  -1,  -7,  35, -27, -12,   0,  -2,1478626609.082
   4,  -2,   0, -18,   4,  -7,   1,   1,1478626609.096
   1,  -4,  -7,  43,   5,-110,  -3,   3,1478626609.096
  -6,  -8,  -4,  43,   9,-128, -12,   0,1478626609.102
  -2,   0,   0,   4,  -9,  79,   7,  -5,1478626609.102
   6,   7,  10,  -5, -19,  94,  10,  -9,1478626609.117
  18,  12,  11, -28,  -4, 127,  20,  -6,1478626609.117
  23,  13,   9,  -1,   7, 127,  10,   2,1478626609.124
  12,   3,  -5,   1, -26, -65,   1,   8,1478626609.124
   4,  -5, -12,   4, -18,-128, -13,  10,1478626609.133
 -15, -16,  -9,   0,   6,-100, -25,   4,1478626609.133
 -15,  -3, -10,  23,  12,-128, -16,   2,1478626609.139
 -16, -14,  -5,   3, -16, -21,  -8,  -5,1478626609.139
 -15,  -5,  -8,  -5, -12, -17,  -1,  -5,1478626609.156
 -14,  -3,  -2,  -3,   4, -26,  -5,  -4,1478626609.156
  -6,  -9,  -2,   3,   7,   8,  -3,  -5,1478626609.162
  -9,  -7,   8, -20, -11,  17,   4,  -4,1478626609.162
   3,   3,   1,   1,   0,  11,   5,  -1,1478626609.177
   4,   0,   1,  -2,  10,  45,   2,  -4,1478626609.177
   1,  -1,   4,  -6,   0,  35,   7,  -2,1478626609.184
   4,   6,  -4,  -2,  -3,  17,   0,   4,1478626609.184
   5,   3,   6,  -8,   0, -30,  -2,  -2,1478626609.193
   5,   7,   1,  -6,   1, -20,   3,   2,1478626609.193
   3,  -2,  -3,  -2,  -3,  -2,  -1,   1,1478626609.199
   6,  -1,  -3, -12,  -3, -12,   4,  -2,1478626609.199
   3,  -1,  -7,  10,  -3, -38, -11,  -2,1478626609.216
   4,  -1,  -4,  -8,   5,  -8,   1,   0,1478626609.216
   0,   1,  -7,  16,   4, -10,   0,   1,1478626609.222
  -6,  -5,  -1, -10, -15,   6,  -4,  -1,1478626609.222
  -3,  -2,   0,   5,   7, -17,   1,  -3,1478626609.237
  -6,  -6,  -7,  -6,  -4, -17,  -7,  -1,1478626609.237
  -4,  -6,  -2,   6,   3, -37,   0,   2,1478626609.253
  -9,  -4,   3,   0,  -5, -13,  -3,  -6,1478626609.253
  -1,  -2,   2,  -3,  -4, -18,   4,  -5,1478626609.254
   0,  -4,  -4, -15,  -5,   6,   0,   2,1478626609.254
   2,   3,   4,  -9,  -5,  40,  -2,  -2,1478626609.259
   4,   6,   6, -15,  -6, -16,   2,  -2,1478626609.259
   8,   2,   4,  -4,  -6,  14,   2,   1,1478626609.276
   5,   3,  -2,   3,   3,  -7,  -1,   0,1478626609.276
   0,   0,  -8,  -7,  -3,   8,  -6,   2,1478626609.281
  -3,  -6,  -4,  -1,   2, -28,  -1,  -1,1478626609.281
  -5,  -8,  -6,   8,   0, -28,   9,   4,1478626609.296
  -5,  -2,  -2,   8,   1,  -6,  -1,   0,1478626609.296
   1,   4,   0,  -3,  -3,   7, -11,  -6,1478626609.304
  -2,   0,  -1,  12,   1,  23,   9,  -1,1478626609.304
  -5,   0,  -1, -11,  -6,  27,  11,  -2,1478626609.313
  -4,  -1,   0,  -3,  -2,   0, -15,  -2,1478626609.313
  -5,  -3,   2,  -2,   7,  17,   1,  -2,1478626609.319
   0,   2,   0,  -4, -12, -14,   1,   0,1478626609.319
   4,   0,   2,  -6,   4,   9,  -6,   0,1478626609.335
   1,   0,   1,   4,   4,   9,   7,   0,1478626609.335
  -3,  -2,   3,   3,   2,  -6,   3,  -1,1478626609.341
  -2,  -4,  -5,  -2,  -9,   9,  -8,  -7,1478626609.341
  -3,   0,  -3,   0,  -5,  27,  -2,  -2,1478626609.358
  -4,  -1,  -1,   1,  -1, -23,   0,   1,1478626609.358
   1,   2,   5,  -3,  -6,   6,   3,   1,1478626609.364
   3,   2,   2,  -6,   5,   2,   3,   0,1478626609.364
  -2,   3,   1,   6,   2,  36,   5,  -4,1478626609.373
   3,  -2,  -5, -30,  -2, -17,  -1,   1,1478626609.373
   2,   0,  -3,   6, -11,   0,   1,   1,1478626609.379
   1,  -1,  -2,  -3,   2,   1,   2,   3,1478626609.379
   1,   5,   3,  -2,   3,  -3, -12,  -1,1478626609.396
   1,  -2,   1,   3,  -3,  11,  -1,   1,1478626609.396
  -4,  -7,   0,  -2,   4, -19,   0,  -2,1478626609.402
  -1,   0,   0,  -6,   0, -18,   1,   2,1478626609.402
  -5,  -2,   1,  -5,   0, -21,  -7,  -5,1478626609.417
  -3,  -3,   0,  15,  -4,  14,  -4,  -2,1478626609.417
  -1,  -2,  -5,  -9,  -4,   2,  -3,  -4,1478626609.424
  -3,   0,   4,   2,   2,  -3,  -5,   0,1478626609.424
  -6,  -4,  -4,   2,  -4,  -8,   9,   0,1478626609.433
  -4,  -5,  -8,   7,  -2,   0,  -3,  -2,1478626609.433
  -1,  -1,  -4,   4,   1, -21,  -5,  -3,1478626609.439
   0,   0,   0,  -2,  -1, -13,   1,  -1,1478626609.440
   2,  -3,  -2,  -7,  -2, -14,  -3,  -2,1478626609.456
   1,  -6,  -2,  -8,   0,  -4,   8,   1,1478626609.456
   2,   2,   3,  -3,  -1,  13,  -3,   2,1478626609.462
  -2,   1,  -2,  -5,   2,  14,  -5,  -4,1478626609.462
  -1,  -2,   2,  -2,  -1,  -4,   4,   0,1478626609.477
   1,   0,  -2,   8,  -1,  11,  -1,  -1,1478626609.477
  -1,   0,  -2,  -4,   6,  -6,   2,  -2,1478626609.484
  -2,  -3,  -2,  -7,   0,   2,  -1,   4,1478626609.485
  -2,  -3,  -2,  -1,   6,  10,   0,   0,1478626609.493
  -1,   3,   0,  -4,  -1,  -7,  -4,   0,1478626609.493
  -4,  -6,  -4,  -2,  -4,  -2,  -8,  -5,1478626609.507
  -3,  -1,   1,   3,  -1, -11,  -2,  -1,1478626609.507
  -1,   0,  -3,   1,  -6,  -6,  -4,  -2,1478626609.516
  -4,  -2,   4,  -5,   0,   3,   1,  -3,1478626609.516
   1,   2,   4,  -2,  -1,  12,   2,  -1,1478626609.530
   1,   1,   1,  -1,   4,  -5,  -1,  -2,1478626609.530
   1,  -2,   2,  -4,   0,  -4,  -3,   0,1478626609.537
   1,   1,  -4,  -3,  -7,  -1,   2,   0,1478626609.537
   1,   0,   0,  -5, -11,  12,   2,  -1,1478626609.544
   5,   3,  -2,  -6,   9,  10,  -5,  -4,1478626609.544
   2,   2,   3,  -9, -13,   9,  -5,   0,1478626609.553
   0,  -2,  -1,  -1,   2,   0,   1,   0,1478626609.553
  -4,  -4,  -6,   0,   7,  -7,   4,  -1,1478626609.567
  -5,  -3,  -1,  -1,  -9,  -2,  -1,  -2,1478626609.567
  -1,   0,  -2,  -3,  -5,  -2,  -2,  -1,1478626609.576
   3,   3,  -2,  -6,   5,   4,  -4,  -2,1478626609.576
  -3,  -6,   1,   6,  -5,   1,   0,  -2,1478626609.582
  -3,  -5,  -1, -19,  -1,   2,  -4,   0,1478626609.582
  -3,  -6,  -4,  -4,  -4,  -2,  -3,  -4,1478626609.597
  -4,  -2,  -2,   7,   1,  -9,  -1,  -1,1478626609.597
   0,   1,  -5,  -7,  -3,  -9,   2,   0,1478626609.604
  -4,  -2,  -3,  10,  -4,   0,  -2,  -4,1478626609.604
  -6,  -3,   0,  -7,   4,  -3,  -4,  -2,1478626609.613
  -5,  -3,   2,  -5,   1,   4,  -2,  -3,1478626609.613
  -2,  -6,   1,  -1,  -1,  -4,   0,  -4,1478626609.636
   4,   4,   0,   0,  -2,  -9,   0,   0,1478626609.636
   3,   1,   0,  -1,  -1,  -3,  -1,   1,1478626609.637
   0,   2,   2,  -4,   0,  -4,   3,  -3,1478626609.637
  -1,   3,   2,  -9,  -7,   8,  -9,  -2,1478626609.642
  -1,   0,  -1,   2,   3,   5,   6,  -2,1478626609.642
  -1,  -1,  -3,  -5,   0,   4,  -3,   0,1478626609.657
   0,   0,  -1,  -2,  -1,   7,  -1,   0,1478626609.657
  -3,   0,  -1,   2,   0,   1,  -3,  -6,1478626609.664
   0,  -4,   0,  -1,  -2,  -2,  -2,   0,1478626609.664
   2,   5,  -4,  -3,  -1,   5,  -1,   1,1478626609.679
  -4,  -5,  -1,   3,  -3, -11,  -1,   1,1478626609.679
   0,  -1,  -4,  -5,   3,   2,  -3,  -1,1478626609.687
  -3,   4,  -1,  -1,  -3,  -8,   0,   0,1478626609.687
  -1,  -3,  -2,   7,   1, -11,   2,   0,1478626609.702
  -2,  -3,   3,   8,  -3,  -4,  -1,   1,1478626609.702
  -2,  -3,  -2,   1,  -1, -21,  -3,   0,1478626609.703
  -2,  -4,  -3,   2,  -5,  -3,  -1,  -2,1478626609.703
  -4,  -1,  -2,  -2,  -4,  -4,  -3,  -2,1478626609.717
   0,   0,  -2,  -1,   0,   2,   1,  -2,1478626609.717
  -1,  -1,   0,  -3,   0,   2,   2,   1,1478626609.724
   0,  -1,   0,   0,   3,   3,   0,  -1,1478626609.724
   1,  -2,   2,   0,  -1,   4,   5,   1,1478626609.739
   2,  -1,  -4,   2,  -7,  -8,  -5,  -3,1478626609.739
  -2,  -3,   1,   0,   6,  -7,   2,   1,1478626609.747
  -2,  -1,  -1,  -5,  -2, -12,  -8,  -1,1478626609.747
  -1,   0,   1,  -3,  -3,  -4,   4,  -2,1478626609.762
  -2,   0,  -3,   1,   6,  -5,   2,  -2,1478626609.762
   0,   5,   2,  -6,   2,  15,  -4,   1,1478626609.763
   0,  -2,  -4,   0, -11,   5,  -1,  -4,1478626609.763
   1,  -5,  -4,   4,   4,  -1,   0,  -3,1478626609.776
  -2,  -6,  -2,  -5,  -4,  -2,  -3,   0,1478626609.777
   0,   3,  -3,  -2,  -3,  -4,   2,   0,1478626609.784
  -2,  -5,  -1,  -1,   7,   0,  -2,   1,1478626609.784
   1,   0,   1,   1,   1,  -2,  -3,   0,1478626609.808
  -1,   1,   1,  -2,  -5,   3,  -1,  -1,1478626609.808
  -1,   3,  -1,   4,  -2,  -4,   2,  -1,1478626609.809
  -1,   3,   0, -10,   2,  -5,   2,  -1,1478626609.809
  -3,  -4,  -2,   6,  -6,  -4,  -3,  -1,1478626609.822
  -2,  -1,  -2,  -7,   2,   2,   2,   1,1478626609.822
  -2,  -1,  -2,  -1,  -2, -10,  -3,   0,1478626609.823
   1,   1,   1,  -7,   0, -16,   0,   0,1478626609.823
  -5,  -4,  -1,  -5,  -3,  -6,  -2,  -1,1478626609.836
   0,   2,  -2,  -4,  -1,  -2,  -4,  -2,1478626609.836
  -5,  -7,  -7,  -4,  -1,   6,   1,  -6,1478626609.844
   0,  -2,  -2,   1,   3,   6,  -4,  -2,1478626609.844
   1,   2,  -3,   1, -11,   6,   1,  -1,1478626609.859
   1,  -4,   1,  -1,   7,  -7,   0,   3,1478626609.859
  -4,  -4,   2,  -6,   2,  -9,  -3,  -3,1478626609.867
   2,  -1,  -1,   4,  -1,  -2,   0,  -1,1478626609.867
   0,   2,   1,  -4,  -3, -11,  -2,   0,1478626609.882
  -2,   3,   1,   5,   5,   7,   2,  -3,1478626609.882
   0,  -1,  -2,  -6,  -3,  -5,   3,   1,1478626609.883
  -2,  -5,  -3,   2,  -4,  11,   2,  -5,1478626609.883
  -2,   1,   1,  -5,   2,   0,  -5,  -2,1478626609.897
  -3,  -6,  -1,  -3,  -3, -15,  -1,  -1,1478626609.897
  -1,   3,  -1,  -2,  -3,  -2,   1,   2,1478626609.913
  -3,   0,   0,  -5,  -2,  -5,   0,  -2,1478626609.913
  -2,  -1,  -1,   2,   2,  -4,  -4,  -2,1478626609.919
   2,  -1,  -1,   1,   0,  -2,  -3,  -2,1478626609.919
  -2,  -2,  -2,  -4,  -3,   4,  -1,   0,1478626609.928
  -1,  -2,   0,   0,  -2,   0,   3,   2,1478626609.928
   1,   0,  -1,  -7,   2,   4,   3,  -2,1478626609.943
  -4,  -3,  -3,  -3,  -1,   4,  -4,  -2,1478626609.943
   2,  -1,   0,  -2,   0,  -2,   1,  -1,1478626609.943
   2,  -4,  -4,  -1,   1,  -3,  -3,   0,1478626609.943
   0,  -3,  -1,   0,   2,   2,   2,   3,1478626609.957
  -2,   1,   1,  -7,  -5,  -3,  -3,  -3,1478626609.957
  -3,  -3,   1,  -5,  -1,   1,   1,  -3,1478626609.973
  -4,   1,  -2,   5,  -3,   7,  -2,  -2,1478626609.973
  -1,  -2,  -3,  -8,  -2,   4,  -4,  -4,1478626609.979
  -2,  -2,  -3,   0,   1,  -1,   3,   3,1478626609.979
   1,  -2,  -2,   1,  -3,  -3,  -5,  -4,1478626609.987
   0,   0,   3,  -2,   1,  -2,   1,  -2,1478626609.988
  -4,   0,  -3,   0,  -2,  -1,   1,  -2,1478626610.002
  -5,   0,   0,  -6,  -8,  -2,  -6,  -3,1478626610.002
  -2,   0,   2,   0,   0,   1,  -3,   1,1478626610.003
   1,   1,   1,  -7,  -5,   3,   1,   1,1478626610.003
  -1,  -4,  -4,  -2,  -2,   6,   2,  -2,1478626610.017
   1,   0,  -3,   0,  -5,   4,  -2,  -2,1478626610.017
  -2,  -2,   0,   4,  -2,  -3,   0,  -1,1478626610.024
  -2,  -1,   0, -10,  -1,  -8,  -5,  -1,1478626610.025
   0,   2,   2,   6,   3,  -4,  -1,   3,1478626610.039
  -1,  -2,   2,   6,  -7,  -2,  -1,  -5,1478626610.039
  -2,  -2,  -2, -10,  -5, -10,  -5,   0,1478626610.047
  -2,  -3,  -2,   1,   0,   4,   4,   1,1478626610.048
  -2,  -1,   2,   3,  -1,  -3,  -3,  -2,1478626610.063
  -1,  -2,   4,  -3,  -3,   2,   1,   0,1478626610.063
   2,  -3,  -1,   3,  -1,  -2,   0,  -1,1478626610.064
   0,   0,  -1,   1,   0, -16,   0,  -2,1478626610.064
  -5,  -2,  -4,  -4,  -5,  -3,  -4,  -1,1478626610.085
  -1,   1,  -5,  -2,  -1,   0,  -3,  -2,1478626610.085
   0,   3,   1,   1,   1,  11,   2,   1,1478626610.086
  -1,  -1,   3,  -1,  -3,   5,  -4,   0,1478626610.086
   1,  -2,  -3,  -1,  -1,  -2,  -2,  -2,1478626610.099
   1,  -1,  -2,   1,   2,  -2,   0,   0,1478626610.099
  -1,  -3,  -1,  -3,  -2,  -2,  -2,  -2,1478626610.107
   1,   2,  -1,   0,  -3,   4,   2,  -3,1478626610.108
   0,  -2,  -2,  -3,  -2,  -4,  -2,  -1,1478626610.122
  -4,  -5,  -4,   1,   3,  -1,  -1,  -1,1478626610.123
  -1,   1,  -4,  -6,   0,  -3,   2,   0,1478626610.123
  -1,  -1,   2,  -2,   4,  26,  -6,   1,1478626610.123
  -2,  -1,  -4,   1,  -6, -16,  -1,  -2,1478626610.137
   1,  -2,  -3,  -3,  -1,  -2,  -3,   0,1478626610.137
  -1,   1,   2,   1,   2,   0,  -1,   0,1478626610.144
  -2,   0,  -3,  -1,   0,  -1,   3,  -3,1478626610.144
  -1,   1,   2,  -8,  -2,   6,   1,  -2,1478626610.159
  -1,   1,  -4,  -2,   2,  -1,   0,  -1,1478626610.159
   1,   2,   0,   4,  -2, -13,  -2,  -3,1478626610.167
   0,   0,  -2,  -2,  -2, -11,  -2,   2,1478626610.167
  -2,   1,  -2,   3,   1,  -8,  -2,  -2,1478626610.190
   0,   0,  -1,  -8,  -5,  -5,  -1,   0,1478626610.191
   0,  -3,  -5,  -4,  -5,   3,  -1,   1,1478626610.191
  -1,  -2,  -2,  -4,  -3,  -2,  -4,  -2,1478626610.191
   1,  -2,   0,  -6,   1,  16,   1,   2,1478626610.197
  -3,  -3,  -2,   2,  -2,   9,   1,   1,1478626610.197
  -1,   1,   1,  -5,   1,   3,   1,  -5,1478626610.204
  -2,  -1,   2,  -8,  -5,  -5,  -2,   3,1478626610.204
   1,  -2,  -2,  -3,   1,  -5,  -2,   0,1478626610.219
  -2,  -4,  -2,   4,   0,   2,   0,  -3,1478626610.219
  -1,  -1,   3,   5,   1,  -1,  -3,  -3,1478626610.227
  -2,  -2,  -2,  -3,   0,  -8,  -1,  -5,1478626610.227
   0,  -2,   1,   0,   2,   4,   3,   6,1478626610.242
   0,   1,  -2,  -1,   0,  -5,  -6,  -8,1478626610.242
  -3,  -2,  -6,   0,  -3,   4,   1,  -2,1478626610.243
   0,  -2,   1,   0,   1,   9,   5,  -2,1478626610.243
   0,   1,  -3,  -6,   2,   0,  -4,   0,1478626610.257
   4,  -2,   2,  -2,   0,  -1,   3,   0,1478626610.257
  -5,  -5,  -3,  -3,   0,  -6,  -4,   1,1478626610.264
   1,   3,   0,   0,   0,  -8,  -3,  -2,1478626610.264
  -1,  -2,  -2,   1,  -3,   6,   0,  -1,1478626610.279
  -1,   1,   0,  -4,   1,  -1,  -2,  -2,1478626610.279
   1,  -1,  -2,  -1,  -3,  -1,  -1,  -2,1478626610.287
   0,   1,  -8, -14,  -3,  -2,   2,   2,1478626610.287
  -1,  -2,   7,  14,   1,  -5,  -2,  -2,1478626610.302
  -4,   0,   3,  -5,  -3,  -1,  -2,  -3,1478626610.303
   0,   1,   1,   1,  -2,   5,   0,   0,1478626610.303
  -2,  -1,  -1,  -4,  -2,   1,  -1,  -3,1478626610.303
   1,   0,  -3,  -2,   1,   0,  -3,  -2,1478626610.316
  -2,  -2,   1,   1,  -1,   1,  -1,   3,1478626610.317
  -2,   1,   1,  -1,  -1,   0,   0,   0,1478626610.324
  -1,  -3,   1,   2,  -1, -11,  -2,   1,1478626610.324
  -2,  -1,  -6,  -6,  -3,  -2,  -1,  -2,1478626610.339
  -3,  -2,  -2,   1,   0,   0,   1,   2,1478626610.339
  -1,  -2,  -2,   1,  -2,  -2,  -4,  -3,1478626610.347
  -1,   0,   3,   0,   0,   1,  -2,  -3,1478626610.347
  -3,  -3,  -4,  -9,  -2,  -1,   2,  -5,1478626610.362
   3,   4,  -3,   1,  -2,   0,  -4,   0,1478626610.362
  -1,  -4,  -1,  -9,   0,  -2,   2,  -1,1478626610.363
  -3,  -2,   2,   3,  -5,   2,   2,  -2,1478626610.363
  -3,  -1,  -4,   2,  -5,  -1,   0,  -4,1478626610.376
  -2,   1,   1, -10,  -3,   2,  -2,  -2,1478626610.376
   2,  -3,   1,   1,  -1,  -1,   2,  -1,1478626610.384
  -2,  -2,   2,  -4,   1,  -7,   0,  -1,1478626610.384
   0,  -2,   3,   4,  -2,  -2,  -3,  -3,1478626610.399
   0,   0,  -3,   1,  -1,  -4,  -3,   1,1478626610.399
  -1,  -2,   0, -11,   0,   1,  -1,  -1,1478626610.407
  -2,  -1,  -2,  -5,   1,  -5,  -1,  -2,1478626610.407
   0,  -3,   3,  -6,  -6,  -4,  -1,   2,1478626610.422
   1,   0,   0,   4,  -9,   2,  -1,  -2,1478626610.422
   2,   6,  -1,   3,  14,   1,   3,   0,1478626610.430
   0,   0,   0,  -2,  -1,   2,  -1,   6,1478626610.430
  -3,  -3,  -3,   0,   0,   2,  -2,  -8,1478626610.437
  -2,   0,  -6,   0,  -4,   0,  -1,  -1,1478626610.437
  -4,  -1,  -1,   1,  -4,  -6,  -1,  -3,1478626610.444
   1,  -1,  -1,   3,  -8,  -1,  -2,   2,1478626610.444
  -1,   0,  -2,   2,  17,  -1,  -4,   2,1478626610.468
  -2,  -1,   2,  -5,  -3,  -5,   0,   0,1478626610.469
  -2,   3,   1,  -1,  -2,  -6,  -6,  -3,1478626610.469
   2,  -1,  -2,   1,   6,  -2,  -1,  -4,1478626610.469
   0,   0,  -1, -10, -13,   4,  -5,  -1,1478626610.482
  -2,  -5,  -3,  -1,   3,   4,   3,   0,1478626610.482
  -1,  -3,  -2,   1,  -1,   4,   0,   2,1478626610.490
   2,   1,   2,   4,  -6,   0,   0,  -1,1478626610.490
   3,   0,   3,  -6,   2,   2,   0,  -2,1478626610.497
  -2,   2,  -1,  -5,   5,   1,   0,   1,1478626610.497
  -2,  -3,  -1,   2,  -4,   0,  -4,  -2,1478626610.504
  -4,  -4,  -3,  -2,   1,   6,  -2,  -1,1478626610.504
   1,  -3,  -3,  -2,  -2,   6,   1,   2,1478626610.519
  -4,  -4,  -1,  -3,  -1,  -2,  -2,  -3,1478626610.519
  -1,  -1,   0,  -4,   1,  -3,   0,  -1,1478626610.527
  -1,  -2,  -4,  -1,  -3,  -3,   0,  -1,1478626610.528
   0,  -1,   1,   0,  -7,  -4,  -2,   3,1478626610.542
  -1,  -1,   2,   2,  16,  -2,   1,  -3,1478626610.542
   2,  -5,  -2,  -5, -10,  -6,   1,   2,1478626610.550
  -3,  -1,  -1,  -6,  -4,   5,  -1,  -7,1478626610.550
   3,  -6,  -1,   2,   1,  -8,   2,   3,1478626610.565
   6,  -1,  -6,  -5,  -6,   0,  -3,   0,1478626610.565
  -4,   1,  -1,  -1,   2,  16,  -1,   3,1478626610.566
  -1,   0,  -1,   0,  -5, -11,  -2,  -7,1478626610.566
  -4,   0,  -1,   0,   4,  -5,   1,   3,1478626610.579
  -6,   0,   0,   1,  -4,  -5,  -7,  -3,1478626610.579
   4,   0,  -2,   1,   0,  -3,  -2,   1,1478626610.587
 -11,  -1,  -2,  -2,  -4,  -4,   4,   6,1478626610.587
   2,  -5,  -5,   0,   1,   0,  -3,  -1,1478626610.602
   2,  -1,  -3,   1,  -1,   2,   0,  -5,1478626610.602
  -3,  -1,  -2,  -8,  -9,  -1,  -3,  -9,1478626610.610
   2,  -1,  -2,  -3,  14,  10,  -5,   1,1478626610.610
  -4,   2,   0,  -1,  -2,  -8,  -3,  -8,1478626610.625
   1,   1,   3,  -2,  -2,  -4,  -1,   2,1478626610.625
  -2,   0,   4,   0,  -2,  10,   0,   1,1478626610.626
   4,   1,  -3,  -5,  -3, -11,  -3,  -5,1478626610.626
  -5,  -4,   1,  -4,  -1,  -3,  -1,  -1,1478626610.641
   1,  -4,  -3,   2,  -6,   6,  -2,  -1,1478626610.641
  -2,   0,  -3, -11,   1,   2,  -1,  -3,1478626610.647
   1,   0,   2,   5,   3,  -1,   1,   2,1478626610.647
  -2,   3,   2,   0,  -7,  -6,  -2,  -2,1478626610.662
